# run: n=3, Nk=30, M-point grid (include_M=True), nv=nc=2, raw BSE, state=0
# TB: hoppings x0.70, eps_Bp=1.508, eps0(BSE)=2.80 ; Eg=2.1783 eV, Eb=183.0 meV
# model: W(k) = 2*pi*a0^2 / (1 + a0^2 k^2/4)^3 / (Nk^2 a^2)   [normalized, sum_k W=1]
# --- fit results ---
# a0_linear = 32.7038 A   a_BZ=a0/2 = 16.3519 A   r=sqrt(3/2)a_BZ = 20.0269 A
# a0_log    = 41.3537 A   a_BZ=a0/2 = 20.6768 A   r=sqrt(3/2)a_BZ = 25.3239 A
# a0_peak   = 32.5760 A  (from peak height W(M)=0.18666)
# a_BZ_moment = 17.6177 A   (direct second moment; r_Eq29=sqrt(3/2)a_BZ=21.5772 A)
# hydrogenicity invariant R = 0.8547  (=1 if true 2D 1s)
# --- columns ---
# abs_dk[1/A]    W_k(BSE)      W_fit_linear   W_fit_log
    0.000000   1.866605e-01   1.881282e-01   3.008046e-01
    0.033244   8.919697e-02   8.652279e-02   9.421415e-02
    0.033244   8.919697e-02   8.652279e-02   9.421415e-02
    0.033244   8.919848e-02   8.652279e-02   9.421415e-02
    0.033244   8.919848e-02   8.652279e-02   9.421415e-02
    0.047015   4.768040e-02   4.671165e-02   4.088104e-02
    0.047015   4.768125e-02   4.671165e-02   4.088104e-02
    0.047015   4.768125e-02   4.671165e-02   4.088104e-02
    0.047015   4.768210e-02   4.671165e-02   4.088104e-02
    0.066489   1.908524e-02   1.810769e-02   1.246195e-02
    0.066489   1.908524e-02   1.810769e-02   1.246195e-02
    0.066489   1.908603e-02   1.810769e-02   1.246195e-02
    0.066489   1.908603e-02   1.810769e-02   1.246195e-02
    0.074337   1.216297e-02   1.237040e-02   7.912108e-03
    0.074337   1.216350e-02   1.237040e-02   7.912108e-03
    0.074337   1.216297e-02   1.237040e-02   7.912108e-03
    0.074337   1.216350e-02   1.237040e-02   7.912108e-03
    0.074337   1.216322e-02   1.237040e-02   7.912108e-03
    0.074337   1.216375e-02   1.237040e-02   7.912108e-03
    0.074337   1.216322e-02   1.237040e-02   7.912108e-03
    0.074337   1.216375e-02   1.237040e-02   7.912108e-03
    0.094029   4.240545e-03   4.941417e-03   2.754195e-03
    0.094029   4.240754e-03   4.941417e-03   2.754195e-03
    0.094029   4.240545e-03   4.941417e-03   2.754195e-03
    0.094029   4.240338e-03   4.941417e-03   2.754195e-03
    0.099733   3.913671e-03   3.838425e-03   2.075774e-03
    0.099733   3.913990e-03   3.838425e-03   2.075774e-03
    0.099733   3.913671e-03   3.838425e-03   2.075774e-03
    0.099733   3.913990e-03   3.838425e-03   2.075774e-03
    0.105128   2.823226e-03   3.040730e-03   1.603067e-03
    0.105128   2.823226e-03   3.040730e-03   1.603067e-03
    0.105128   2.823465e-03   3.040730e-03   1.603067e-03
    0.105128   2.823465e-03   3.040730e-03   1.603067e-03
    0.105128   2.823535e-03   3.040730e-03   1.603067e-03
    0.105128   2.823535e-03   3.040730e-03   1.603067e-03
    0.105128   2.823295e-03   3.040730e-03   1.603067e-03
    0.105128   2.823295e-03   3.040730e-03   1.603067e-03
    0.119864   1.263308e-03   1.657583e-03   8.255191e-04
    0.119864   1.263354e-03   1.657583e-03   8.255191e-04
    0.119864   1.263235e-03   1.657583e-03   8.255191e-04
    0.119864   1.263308e-03   1.657583e-03   8.255191e-04
    0.119864   1.263354e-03   1.657583e-03   8.255191e-04
    0.119864   1.263429e-03   1.657583e-03   8.255191e-04
    0.119864   1.263429e-03   1.657583e-03   8.255191e-04
    0.119864   1.263235e-03   1.657583e-03   8.255191e-04
    0.132977   9.825599e-04   1.000932e-03   4.795749e-04
    0.132977   9.824145e-04   1.000932e-03   4.795749e-04
    0.132977   9.825599e-04   1.000932e-03   4.795749e-04
    0.132977   9.824145e-04   1.000932e-03   4.795749e-04
    0.137070   7.639359e-04   8.607286e-04   4.081819e-04
    0.137070   7.639126e-04   8.607286e-04   4.081819e-04
    0.137070   7.640534e-04   8.607286e-04   4.081819e-04
    0.137070   7.640297e-04   8.607286e-04   4.081819e-04
    0.137070   7.640297e-04   8.607286e-04   4.081819e-04
    0.137070   7.640534e-04   8.607286e-04   4.081819e-04
    0.137070   7.639359e-04   8.607286e-04   4.081819e-04
    0.137070   7.639126e-04   8.607286e-04   4.081819e-04
    0.141044   4.730486e-04   7.455341e-04   3.502848e-04
    0.141044   4.729422e-04   7.455341e-04   3.502848e-04
    0.141044   4.729951e-04   7.455341e-04   3.502848e-04
    0.141044   4.729951e-04   7.455341e-04   3.502848e-04
    0.148673   4.030074e-04   5.701351e-04   2.635898e-04
    0.148673   4.030369e-04   5.701351e-04   2.635898e-04
    0.148673   4.029389e-04   5.701351e-04   2.635898e-04
    0.148673   4.029389e-04   5.701351e-04   2.635898e-04
    0.148673   4.029679e-04   5.701351e-04   2.635898e-04
    0.148673   4.030369e-04   5.701351e-04   2.635898e-04
    0.148673   4.029679e-04   5.701351e-04   2.635898e-04
    0.148673   4.030074e-04   5.701351e-04   2.635898e-04
    0.166222   3.072153e-04   3.187962e-04   1.430131e-04
    0.166222   3.072153e-04   3.187962e-04   1.430131e-04
    0.166222   1.782937e-04   3.187962e-04   1.430131e-04
    0.166222   1.782937e-04   3.187962e-04   1.430131e-04
    0.166222   1.783295e-04   3.187962e-04   1.430131e-04
    0.166222   1.782695e-04   3.187962e-04   1.430131e-04
    0.166222   1.782695e-04   3.187962e-04   1.430131e-04
    0.166222   1.783049e-04   3.187962e-04   1.430131e-04
    0.166222   1.783295e-04   3.187962e-04   1.430131e-04
    0.166222   1.783049e-04   3.187962e-04   1.430131e-04
    0.166222   3.072938e-04   3.187962e-04   1.430131e-04
    0.166222   3.072938e-04   3.187962e-04   1.430131e-04
    0.169514   2.500571e-04   2.873433e-04   1.282900e-04
    0.169514   2.500571e-04   2.873433e-04   1.282900e-04
    0.169514   2.500477e-04   2.873433e-04   1.282900e-04
    0.169514   2.500477e-04   2.873433e-04   1.282900e-04
    0.169514   2.501233e-04   2.873433e-04   1.282900e-04
    0.169514   2.501233e-04   2.873433e-04   1.282900e-04
    0.169514   2.501137e-04   2.873433e-04   1.282900e-04
    0.169514   2.501137e-04   2.873433e-04   1.282900e-04
    0.179026   1.465513e-04   2.146556e-04   9.464633e-05
    0.179026   1.465513e-04   2.146556e-04   9.464633e-05
    0.179026   1.465384e-04   2.146556e-04   9.464633e-05
    0.179026   1.465384e-04   2.146556e-04   9.464633e-05
    0.179026   1.465942e-04   2.146556e-04   9.464633e-05
    0.179026   1.465810e-04   2.146556e-04   9.464633e-05
    0.179026   1.465810e-04   2.146556e-04   9.464633e-05
    0.179026   1.465942e-04   2.146556e-04   9.464633e-05
    0.188059   7.683191e-05   1.645557e-04   7.180955e-05
    0.188059   7.679485e-05   1.645557e-04   7.180955e-05
    0.188059   7.681322e-05   1.645557e-04   7.180955e-05
    0.188059   7.681322e-05   1.645557e-04   7.180955e-05
    0.193846   7.269937e-05   1.395328e-04   6.052829e-05
    0.193846   7.269937e-05   1.395328e-04   6.052829e-05
    0.193846   7.268734e-05   1.395328e-04   6.052829e-05
    0.193846   7.268734e-05   1.395328e-04   6.052829e-05
    0.193846   7.272417e-05   1.395328e-04   6.052829e-05
    0.193846   7.271185e-05   1.395328e-04   6.052829e-05
    0.193846   7.271185e-05   1.395328e-04   6.052829e-05
    0.193846   7.272417e-05   1.395328e-04   6.052829e-05
    0.199466   1.156685e-04   1.193367e-04   5.149157e-05
    0.199466   1.156685e-04   1.193367e-04   5.149157e-05
    0.199466   1.157174e-04   1.193367e-04   5.149157e-05
    0.199466   1.157174e-04   1.193367e-04   5.149157e-05
    0.202218   9.693531e-05   1.106892e-04   4.764256e-05
    0.202218   9.693975e-05   1.106892e-04   4.764256e-05
    0.202218   9.693975e-05   1.106892e-04   4.764256e-05
    0.202218   9.693531e-05   1.106892e-04   4.764256e-05
    0.202218   9.698214e-05   1.106892e-04   4.764256e-05
    0.202218   9.697756e-05   1.106892e-04   4.764256e-05
    0.202218   9.698214e-05   1.106892e-04   4.764256e-05
    0.202218   9.697756e-05   1.106892e-04   4.764256e-05
    0.210256   6.088887e-05   8.927803e-05   3.816963e-05
    0.210256   6.089537e-05   8.927803e-05   3.816963e-05
    0.210256   6.089537e-05   8.927803e-05   3.816963e-05
    0.210256   6.088887e-05   8.927803e-05   3.816963e-05
    0.210256   6.092468e-05   8.927803e-05   3.816963e-05
    0.210256   6.091798e-05   8.927803e-05   3.816963e-05
    0.210256   6.092468e-05   8.927803e-05   3.816963e-05
    0.210256   6.091798e-05   8.927803e-05   3.816963e-05
    0.212868   3.455612e-05   8.337849e-05   3.557494e-05
    0.212868   3.455612e-05   8.337849e-05   3.557494e-05
    0.212868   3.454613e-05   8.337849e-05   3.557494e-05
    0.212868   3.454613e-05   8.337849e-05   3.557494e-05
    0.212868   3.456007e-05   8.337849e-05   3.557494e-05
    0.212868   3.456007e-05   8.337849e-05   3.557494e-05
    0.212868   3.457029e-05   8.337849e-05   3.557494e-05
    0.212868   3.457029e-05   8.337849e-05   3.557494e-05
    0.223010   3.267372e-05   6.436176e-05   2.726185e-05
    0.223010   3.268021e-05   6.436176e-05   2.726185e-05
    0.223010   3.268021e-05   6.436176e-05   2.726185e-05
    0.223010   3.267372e-05   6.436176e-05   2.726185e-05
    0.223010   3.269176e-05   6.436176e-05   2.726185e-05
    0.223010   3.269176e-05   6.436176e-05   2.726185e-05
    0.223010   3.269844e-05   6.436176e-05   2.726185e-05
    0.223010   3.269844e-05   6.436176e-05   2.726185e-05
    0.232711   5.055234e-05   5.071509e-05   2.134966e-05
    0.232711   5.055234e-05   5.071509e-05   2.134966e-05
    0.232711   5.058659e-05   5.071509e-05   2.134966e-05
    0.232711   5.058659e-05   5.071509e-05   2.134966e-05
    0.235073   1.680174e-05   4.791813e-05   2.014413e-05
    0.235073   1.680988e-05   4.791813e-05   2.014413e-05
    0.235073   1.680988e-05   4.791813e-05   2.014413e-05
    0.235073   4.321623e-05   4.791813e-05   2.014413e-05
    0.235073   4.321859e-05   4.791813e-05   2.014413e-05
    0.235073   4.321623e-05   4.791813e-05   2.014413e-05
    0.235073   4.321859e-05   4.791813e-05   2.014413e-05
    0.235073   4.324640e-05   4.791813e-05   2.014413e-05
    0.235073   4.324884e-05   4.791813e-05   2.014413e-05
    0.235073   4.324884e-05   4.791813e-05   2.014413e-05
    0.235073   4.324640e-05   4.791813e-05   2.014413e-05
    0.235073   1.681821e-05   4.791813e-05   2.014413e-05
    0.239729   1.667406e-05   4.291214e-05   1.799223e-05
    0.239729   1.667979e-05   4.291214e-05   1.799223e-05
    0.239729   1.667979e-05   4.291214e-05   1.799223e-05
    0.239729   1.667406e-05   4.291214e-05   1.799223e-05
    0.239729   1.669092e-05   4.291214e-05   1.799223e-05
    0.239729   1.669092e-05   4.291214e-05   1.799223e-05
    0.239729   1.668502e-05   4.291214e-05   1.799223e-05
    0.239729   1.668502e-05   4.291214e-05   1.799223e-05
    0.242023   2.848495e-05   4.066919e-05   1.703057e-05
    0.242023   2.848855e-05   4.066919e-05   1.703057e-05
    0.242023   2.848855e-05   4.066919e-05   1.703057e-05
    0.242023   2.848495e-05   4.066919e-05   1.703057e-05
    0.242023   2.850671e-05   4.066919e-05   1.703057e-05
    0.242023   2.850671e-05   4.066919e-05   1.703057e-05
    0.242023   2.851044e-05   4.066919e-05   1.703057e-05
    0.242023   2.851044e-05   4.066919e-05   1.703057e-05
    0.253182   1.616879e-05   3.151864e-05   1.312480e-05
    0.253182   1.616879e-05   3.151864e-05   1.312480e-05
    0.253182   1.617256e-05   3.151864e-05   1.312480e-05
    0.253182   1.617256e-05   3.151864e-05   1.312480e-05
    0.253182   1.618300e-05   3.151864e-05   1.312480e-05
    0.253182   1.618690e-05   3.151864e-05   1.312480e-05
    0.253182   1.618690e-05   3.151864e-05   1.312480e-05
    0.253182   1.618300e-05   3.151864e-05   1.312480e-05
    0.259647   8.613580e-06   2.731487e-05   1.134083e-05
    0.259647   8.613580e-06   2.731487e-05   1.134083e-05
    0.259647   8.618515e-06   2.731487e-05   1.134083e-05
    0.259647   8.618515e-06   2.731487e-05   1.134083e-05
    0.259647   8.620358e-06   2.731487e-05   1.134083e-05
    0.259647   8.620358e-06   2.731487e-05   1.134083e-05
    0.259647   8.625425e-06   2.731487e-05   1.134083e-05
    0.259647   8.625425e-06   2.731487e-05   1.134083e-05
    0.265955   2.492331e-05   2.382663e-05   9.866065e-06
    0.265955   2.492331e-05   2.382663e-05   9.866065e-06
    0.265955   2.489685e-05   2.382663e-05   9.866065e-06
    0.265955   2.489685e-05   2.382663e-05   9.866065e-06
    0.268025   8.695690e-06   2.279657e-05   9.431605e-06
    0.268025   8.699168e-06   2.279657e-05   9.431605e-06
    0.268025   8.695690e-06   2.279657e-05   9.431605e-06
    0.268025   8.699168e-06   2.279657e-05   9.431605e-06
    0.268025   8.708356e-06   2.279657e-05   9.431605e-06
    0.268025   2.161448e-05   2.279657e-05   9.431605e-06
    0.268025   2.161591e-05   2.279657e-05   9.431605e-06
    0.268025   8.704759e-06   2.279657e-05   9.431605e-06
    0.268025   8.708356e-06   2.279657e-05   9.431605e-06
    0.268025   2.161448e-05   2.279657e-05   9.431605e-06
    0.268025   2.161591e-05   2.279657e-05   9.431605e-06
    0.268025   8.704759e-06   2.279657e-05   9.431605e-06
    0.268025   2.159085e-05   2.279657e-05   9.431605e-06
    0.268025   2.159085e-05   2.279657e-05   9.431605e-06
    0.268025   2.159222e-05   2.279657e-05   9.431605e-06
    0.268025   2.159222e-05   2.279657e-05   9.431605e-06
    0.274140   1.476066e-05   2.004150e-05   8.272042e-06
    0.274140   1.475841e-05   2.004150e-05   8.272042e-06
    0.274140   1.476066e-05   2.004150e-05   8.272042e-06
    0.274140   1.475841e-05   2.004150e-05   8.272042e-06
    0.274140   1.474293e-05   2.004150e-05   8.272042e-06
    0.274140   1.474293e-05   2.004150e-05   8.272042e-06
    0.274140   1.474077e-05   2.004150e-05   8.272042e-06
    0.274140   1.474077e-05   2.004150e-05   8.272042e-06
    0.282088   4.642767e-06   1.701749e-05   7.003717e-06
    0.282088   4.647062e-06   1.701749e-05   7.003717e-06
    0.282088   4.647062e-06   1.701749e-05   7.003717e-06
    0.282088   4.651463e-06   1.701749e-05   7.003717e-06
    0.284040   8.738030e-06   1.635783e-05   6.727710e-06
    0.284040   8.738030e-06   1.635783e-05   6.727710e-06
    0.284040   8.740464e-06   1.635783e-05   6.727710e-06
    0.284040   8.740464e-06   1.635783e-05   6.727710e-06
    0.284040   8.728382e-06   1.635783e-05   6.727710e-06
    0.284040   8.728382e-06   1.635783e-05   6.727710e-06
    0.284040   8.726044e-06   1.635783e-05   6.727710e-06
    0.284040   8.726044e-06   1.635783e-05   6.727710e-06
    0.285979   4.703707e-06   1.573184e-05   6.466017e-06
    0.285979   4.703707e-06   1.573184e-05   6.466017e-06
    0.285979   4.709552e-06   1.573184e-05   6.466017e-06
    0.285979   4.709552e-06   1.573184e-05   6.466017e-06
    0.285979   4.706814e-06   1.573184e-05   6.466017e-06
    0.285979   4.712760e-06   1.573184e-05   6.466017e-06
    0.285979   4.706814e-06   1.573184e-05   6.466017e-06
    0.285979   4.712760e-06   1.573184e-05   6.466017e-06
    0.297347   4.894614e-06   1.257433e-05   5.149699e-06
    0.297347   4.892304e-06   1.257433e-05   5.149699e-06
    0.297347   4.894614e-06   1.257433e-05   5.149699e-06
    0.297347   4.892304e-06   1.257433e-05   5.149699e-06
    0.297347   4.884373e-06   1.257433e-05   5.149699e-06
    0.297347   4.886594e-06   1.257433e-05   5.149699e-06
    0.297347   4.884373e-06   1.257433e-05   5.149699e-06
    0.297347   4.886594e-06   1.257433e-05   5.149699e-06
    0.299199   1.351606e-05   1.213256e-05   4.966053e-06
    0.299199   1.353832e-05   1.213256e-05   4.966053e-06
    0.299199   1.351606e-05   1.213256e-05   4.966053e-06
    0.299199   1.353832e-05   1.213256e-05   4.966053e-06
    0.301041   1.184734e-05   1.171125e-05   4.791037e-06
    0.301041   1.184734e-05   1.171125e-05   4.791037e-06
    0.301041   1.186745e-05   1.171125e-05   4.791037e-06
    0.301041   1.186745e-05   1.171125e-05   4.791037e-06
    0.301041   1.184820e-05   1.171125e-05   4.791037e-06
    0.301041   1.186835e-05   1.171125e-05   4.791037e-06
    0.301041   1.186835e-05   1.171125e-05   4.791037e-06
    0.301041   1.184820e-05   1.171125e-05   4.791037e-06
    0.306498   8.306619e-06   1.055874e-05   4.312924e-06
    0.306498   2.642276e-06   1.055874e-05   4.312924e-06
    0.306498   8.323480e-06   1.055874e-05   4.312924e-06
    0.306498   8.322032e-06   1.055874e-05   4.312924e-06
    0.306498   8.306619e-06   1.055874e-05   4.312924e-06
    0.306498   8.323480e-06   1.055874e-05   4.312924e-06
    0.306498   2.642276e-06   1.055874e-05   4.312924e-06
    0.306498   2.639478e-06   1.055874e-05   4.312924e-06
    0.306498   2.643319e-06   1.055874e-05   4.312924e-06
    0.306498   8.322032e-06   1.055874e-05   4.312924e-06
    0.306498   8.308001e-06   1.055874e-05   4.312924e-06
    0.306498   2.643319e-06   1.055874e-05   4.312924e-06
    0.306498   2.639478e-06   1.055874e-05   4.312924e-06
    0.306498   8.308001e-06   1.055874e-05   4.312924e-06
    0.306498   2.646202e-06   1.055874e-05   4.312924e-06
    0.306498   2.646202e-06   1.055874e-05   4.312924e-06
    0.313627   2.742458e-06   9.245758e-06   3.769484e-06
    0.313627   2.742458e-06   9.245758e-06   3.769484e-06
    0.313627   2.744573e-06   9.245758e-06   3.769484e-06
    0.313627   2.744573e-06   9.245758e-06   3.769484e-06
    0.313627   2.737186e-06   9.245758e-06   3.769484e-06
    0.313627   2.737186e-06   9.245758e-06   3.769484e-06
    0.313627   2.739222e-06   9.245758e-06   3.769484e-06
    0.313627   2.739222e-06   9.245758e-06   3.769484e-06
    0.315384   5.080336e-06   8.951904e-06   3.648049e-06
    0.315384   5.080336e-06   8.951904e-06   3.648049e-06
    0.315384   5.078804e-06   8.951904e-06   3.648049e-06
    0.315384   5.091215e-06   8.951904e-06   3.648049e-06
    0.315384   5.091215e-06   8.951904e-06   3.648049e-06
    0.315384   5.078804e-06   8.951904e-06   3.648049e-06
    0.315384   5.089611e-06   8.951904e-06   3.648049e-06
    0.315384   5.089611e-06   8.951904e-06   3.648049e-06
    0.327419   2.934557e-06   7.206747e-06   2.928431e-06
    0.327419   2.940424e-06   7.206747e-06   2.928431e-06
    0.327419   2.941979e-06   7.206747e-06   2.928431e-06
    0.327419   2.940424e-06   7.206747e-06   2.928431e-06
    0.327419   2.941979e-06   7.206747e-06   2.928431e-06
    0.327419   2.933070e-06   7.206747e-06   2.928431e-06
    0.327419   2.933070e-06   7.206747e-06   2.928431e-06
    0.327419   2.934557e-06   7.206747e-06   2.928431e-06
    0.329102   1.553227e-06   6.995593e-06   2.841554e-06
    0.329102   1.555805e-06   6.995593e-06   2.841554e-06
    0.329102   1.555805e-06   6.995593e-06   2.841554e-06
    0.329102   1.558453e-06   6.995593e-06   2.841554e-06
    0.332444   1.590185e-06   6.597400e-06   2.677842e-06
    0.332444   1.584680e-06   6.597400e-06   2.677842e-06
    0.332444   7.985966e-06   6.597400e-06   2.677842e-06
    0.332444   7.965680e-06   6.597400e-06   2.677842e-06
    0.332444   1.588240e-06   6.597400e-06   2.677842e-06
    0.332444   1.584680e-06   6.597400e-06   2.677842e-06
    0.332444   7.965680e-06   6.597400e-06   2.677842e-06
    0.332444   1.590185e-06   6.597400e-06   2.677842e-06
    0.332444   1.588240e-06   6.597400e-06   2.677842e-06
    0.332444   7.985966e-06   6.597400e-06   2.677842e-06
    0.332444   1.586558e-06   6.597400e-06   2.677842e-06
    0.332444   1.586558e-06   6.597400e-06   2.677842e-06
    0.334102   7.058053e-06   6.409601e-06   2.600688e-06
    0.334102   7.038957e-06   6.409601e-06   2.600688e-06
    0.334102   7.039529e-06   6.409601e-06   2.600688e-06
    0.334102   7.058053e-06   6.409601e-06   2.600688e-06
    0.334102   7.038957e-06   6.409601e-06   2.600688e-06
    0.334102   7.039529e-06   6.409601e-06   2.600688e-06
    0.334102   7.057451e-06   6.409601e-06   2.600688e-06
    0.334102   7.057451e-06   6.409601e-06   2.600688e-06
    0.339027   5.051013e-06   5.887271e-06   2.386294e-06
    0.339027   5.036521e-06   5.887271e-06   2.386294e-06
    0.339027   5.036521e-06   5.887271e-06   2.386294e-06
    0.339027   5.051013e-06   5.887271e-06   2.386294e-06
    0.339027   5.037455e-06   5.887271e-06   2.386294e-06
    0.339027   5.051996e-06   5.887271e-06   2.386294e-06
    0.339027   5.051996e-06   5.887271e-06   2.386294e-06
    0.339027   5.037455e-06   5.887271e-06   2.386294e-06
    0.342272   1.689700e-06   5.570207e-06   2.256300e-06
    0.342272   1.694701e-06   5.570207e-06   2.256300e-06
    0.342272   1.694701e-06   5.570207e-06   2.256300e-06
    0.342272   1.689700e-06   5.570207e-06   2.256300e-06
    0.342272   1.696152e-06   5.570207e-06   2.256300e-06
    0.342272   1.691088e-06   5.570207e-06   2.256300e-06
    0.342272   1.696152e-06   5.570207e-06   2.256300e-06
    0.342272   1.691088e-06   5.570207e-06   2.256300e-06
    0.347081   3.158439e-06   5.135932e-06   2.078438e-06
    0.347081   3.168916e-06   5.135932e-06   2.078438e-06
    0.347081   3.157386e-06   5.135932e-06   2.078438e-06
    0.347081   3.168916e-06   5.135932e-06   2.078438e-06
    0.347081   3.167807e-06   5.135932e-06   2.078438e-06
    0.347081   3.157386e-06   5.135932e-06   2.078438e-06
    0.347081   3.158439e-06   5.135932e-06   2.078438e-06
    0.347081   3.167807e-06   5.135932e-06   2.078438e-06
    0.353392   9.613202e-07   4.624373e-06   1.869218e-06
    0.353392   9.613202e-07   4.624373e-06   1.869218e-06
    0.353392   9.588745e-07   4.624373e-06   1.869218e-06
    0.353392   9.631478e-07   4.624373e-06   1.869218e-06
    0.353392   9.631478e-07   4.624373e-06   1.869218e-06
    0.353392   9.588745e-07   4.624373e-06   1.869218e-06
    0.353392   9.606431e-07   4.624373e-06   1.869218e-06
    0.353392   9.606431e-07   4.624373e-06   1.869218e-06
    0.358053   1.875750e-06   4.284443e-06   1.730378e-06
    0.358053   1.869540e-06   4.284443e-06   1.730378e-06
    0.358053   1.869540e-06   4.284443e-06   1.730378e-06
    0.358053   1.875750e-06   4.284443e-06   1.730378e-06
    0.358053   1.876842e-06   4.284443e-06   1.730378e-06
    0.358053   1.868504e-06   4.284443e-06   1.730378e-06
    0.358053   1.876842e-06   4.284443e-06   1.730378e-06
    0.358053   1.868504e-06   4.284443e-06   1.730378e-06
    0.359593   1.005417e-06   4.178558e-06   1.687162e-06
    0.359593   1.005417e-06   4.178558e-06   1.687162e-06
    0.359593   1.001977e-06   4.178558e-06   1.687162e-06
    0.359593   1.003277e-06   4.178558e-06   1.687162e-06
    0.359593   1.003277e-06   4.178558e-06   1.687162e-06
    0.359593   1.006773e-06   4.178558e-06   1.687162e-06
    0.359593   1.006773e-06   4.178558e-06   1.687162e-06
    0.359593   1.001977e-06   4.178558e-06   1.687162e-06
    0.365688   5.068803e-06   3.788255e-06   1.528001e-06
    0.365688   5.068803e-06   3.788255e-06   1.528001e-06
    0.365688   5.048744e-06   3.788255e-06   1.528001e-06
    0.365688   5.048744e-06   3.788255e-06   1.528001e-06
    0.367196   4.488745e-06   3.698336e-06   1.491365e-06
    0.367196   4.488345e-06   3.698336e-06   1.491365e-06
    0.367196   4.507196e-06   3.698336e-06   1.491365e-06
    0.367196   4.488345e-06   3.698336e-06   1.491365e-06
    0.367196   4.507196e-06   3.698336e-06   1.491365e-06
    0.367196   4.506772e-06   3.698336e-06   1.491365e-06
    0.367196   4.488745e-06   3.698336e-06   1.491365e-06
    0.367196   4.506772e-06   3.698336e-06   1.491365e-06
    0.371683   1.099868e-06   3.445085e-06   1.388247e-06
    0.371683   1.104877e-06   3.445085e-06   1.388247e-06
    0.371683   3.276075e-06   3.445085e-06   1.388247e-06
    0.371683   3.275375e-06   3.445085e-06   1.388247e-06
    0.371683   1.104877e-06   3.445085e-06   1.388247e-06
    0.371683   3.275375e-06   3.445085e-06   1.388247e-06
    0.371683   3.276075e-06   3.445085e-06   1.388247e-06
    0.371683   1.099868e-06   3.445085e-06   1.388247e-06
    0.371683   1.105908e-06   3.445085e-06   1.388247e-06
    0.371683   1.100848e-06   3.445085e-06   1.388247e-06
    0.371683   3.260667e-06   3.445085e-06   1.388247e-06
    0.371683   3.261328e-06   3.445085e-06   1.388247e-06
    0.371683   1.100848e-06   3.445085e-06   1.388247e-06
    0.371683   3.260667e-06   3.445085e-06   1.388247e-06
    0.371683   3.261328e-06   3.445085e-06   1.388247e-06
    0.371683   1.105908e-06   3.445085e-06   1.388247e-06
    0.376117   6.097902e-07   3.214439e-06   1.294420e-06
    0.376117   6.080289e-07   3.214439e-06   1.294420e-06
    0.376117   6.080289e-07   3.214439e-06   1.294420e-06
    0.376117   6.063194e-07   3.214439e-06   1.294420e-06
    0.379044   2.094510e-06   3.072002e-06   1.236520e-06
    0.379044   2.093710e-06   3.072002e-06   1.236520e-06
    0.379044   2.093710e-06   3.072002e-06   1.236520e-06
    0.379044   6.217840e-07   3.072002e-06   1.236520e-06
    0.379044   6.193836e-07   3.072002e-06   1.236520e-06
    0.379044   6.193836e-07   3.072002e-06   1.236520e-06
    0.379044   2.094510e-06   3.072002e-06   1.236520e-06
    0.379044   6.217840e-07   3.072002e-06   1.236520e-06
    0.379044   6.206258e-07   3.072002e-06   1.236520e-06
    0.379044   2.082915e-06   3.072002e-06   1.236520e-06
    0.379044   6.206258e-07   3.072002e-06   1.236520e-06
    0.379044   2.082915e-06   3.072002e-06   1.236520e-06
    0.379044   2.083669e-06   3.072002e-06   1.236520e-06
    0.379044   6.230768e-07   3.072002e-06   1.236520e-06
    0.379044   6.230768e-07   3.072002e-06   1.236520e-06
    0.379044   2.083669e-06   3.072002e-06   1.236520e-06
    0.387693   6.677739e-07   2.692117e-06   1.082270e-06
    0.387693   6.677739e-07   2.692117e-06   1.082270e-06
    0.387693   6.642906e-07   2.692117e-06   1.082270e-06
    0.387693   6.642906e-07   2.692117e-06   1.082270e-06
    0.387693   6.687485e-07   2.692117e-06   1.082270e-06
    0.387693   6.652176e-07   2.692117e-06   1.082270e-06
    0.387693   6.652176e-07   2.692117e-06   1.082270e-06
    0.387693   6.687485e-07   2.692117e-06   1.082270e-06
    0.389115   1.263950e-06   2.634995e-06   1.059099e-06
    0.389115   1.263154e-06   2.634995e-06   1.059099e-06
    0.389115   1.263950e-06   2.634995e-06   1.059099e-06
    0.389115   1.263154e-06   2.634995e-06   1.059099e-06
    0.389115   1.256275e-06   2.634995e-06   1.059099e-06
    0.389115   1.256275e-06   2.634995e-06   1.059099e-06
    0.389115   1.255525e-06   2.634995e-06   1.059099e-06
    0.389115   1.255525e-06   2.634995e-06   1.059099e-06
    0.398932   3.449847e-06   2.277098e-06   9.140597e-07
    0.398932   3.449847e-06   2.277098e-06   9.140597e-07
    0.398932   3.428101e-06   2.277098e-06   9.140597e-07
    0.398932   3.428101e-06   2.277098e-06   9.140597e-07
    0.400315   4.021865e-07   2.231369e-06   8.955466e-07
    0.400315   4.021865e-07   2.231369e-06   8.955466e-07
    0.400315   3.080585e-06   2.231369e-06   8.955466e-07
    0.400315   4.004401e-07   2.231369e-06   8.955466e-07
    0.400315   3.080898e-06   2.231369e-06   8.955466e-07
    0.400315   4.004401e-07   2.231369e-06   8.955466e-07
    0.400315   3.080898e-06   2.231369e-06   8.955466e-07
    0.400315   3.080585e-06   2.231369e-06   8.955466e-07
    0.400315   3.060475e-06   2.231369e-06   8.955466e-07
    0.400315   3.060769e-06   2.231369e-06   8.955466e-07
    0.400315   3.060769e-06   2.231369e-06   8.955466e-07
    0.400315   3.060475e-06   2.231369e-06   8.955466e-07
    0.400315   3.992233e-07   2.231369e-06   8.955466e-07
    0.400315   4.009235e-07   2.231369e-06   8.955466e-07
    0.400315   4.009235e-07   2.231369e-06   8.955466e-07
    0.400315   3.992233e-07   2.231369e-06   8.955466e-07
    0.401693   7.510634e-07   2.186857e-06   8.775301e-07
    0.401693   7.563882e-07   2.186857e-06   8.775301e-07
    0.401693   7.510634e-07   2.186857e-06   8.775301e-07
    0.401693   7.563882e-07   2.186857e-06   8.775301e-07
    0.401693   7.571463e-07   2.186857e-06   8.775301e-07
    0.401693   7.571463e-07   2.186857e-06   8.775301e-07
    0.401693   7.517776e-07   2.186857e-06   8.775301e-07
    0.401693   7.517776e-07   2.186857e-06   8.775301e-07
    0.404435   2.263873e-06   2.101323e-06   8.429213e-07
    0.404435   2.263352e-06   2.101323e-06   8.429213e-07
    0.404435   2.263873e-06   2.101323e-06   8.429213e-07
    0.404435   2.263352e-06   2.101323e-06   8.429213e-07
    0.404435   2.247539e-06   2.101323e-06   8.429213e-07
    0.404435   2.247539e-06   2.101323e-06   8.429213e-07
    0.404435   2.247051e-06   2.101323e-06   8.429213e-07
    0.404435   2.247051e-06   2.101323e-06   8.429213e-07
    0.405799   4.196975e-07   2.060224e-06   8.262979e-07
    0.405799   4.172461e-07   2.060224e-06   8.262979e-07
    0.405799   4.196975e-07   2.060224e-06   8.262979e-07
    0.405799   4.172461e-07   2.060224e-06   8.262979e-07
    0.405799   4.206360e-07   2.060224e-06   8.262979e-07
    0.405799   4.181403e-07   2.060224e-06   8.262979e-07
    0.405799   4.181403e-07   2.060224e-06   8.262979e-07
    0.405799   4.206360e-07   2.060224e-06   8.262979e-07
    0.411210   1.466946e-06   1.906144e-06   7.640087e-07
    0.411210   1.466346e-06   1.906144e-06   7.640087e-07
    0.411210   1.466346e-06   1.906144e-06   7.640087e-07
    0.411210   1.466946e-06   1.906144e-06   7.640087e-07
    0.411210   1.454189e-06   1.906144e-06   7.640087e-07
    0.411210   1.454750e-06   1.906144e-06   7.640087e-07
    0.411210   1.454750e-06   1.906144e-06   7.640087e-07
    0.411210   1.454189e-06   1.906144e-06   7.640087e-07
    0.416551   4.642268e-07   1.767053e-06   7.078262e-07
    0.416551   4.642268e-07   1.767053e-06   7.078262e-07
    0.416551   4.635054e-07   1.767053e-06   7.078262e-07
    0.416551   4.635054e-07   1.767053e-06   7.078262e-07
    0.416551   4.597848e-07   1.767053e-06   7.078262e-07
    0.416551   4.597848e-07   1.767053e-06   7.078262e-07
    0.416551   4.604647e-07   1.767053e-06   7.078262e-07
    0.416551   4.604647e-07   1.767053e-06   7.078262e-07
    0.420512   8.968194e-07   1.671491e-06   6.692534e-07
    0.420512   8.962187e-07   1.671491e-06   6.692534e-07
    0.420512   8.968194e-07   1.671491e-06   6.692534e-07
    0.420512   8.962187e-07   1.671491e-06   6.692534e-07
    0.420512   8.880984e-07   1.671491e-06   6.692534e-07
    0.420512   8.880984e-07   1.671491e-06   6.692534e-07
    0.420512   8.875373e-07   1.671491e-06   6.692534e-07
    0.420512   8.875373e-07   1.671491e-06   6.692534e-07
    0.423132   2.683809e-07   1.611581e-06   6.450829e-07
    0.423132   2.683809e-07   1.611581e-06   6.450829e-07
    0.423132   2.671582e-07   1.611581e-06   6.450829e-07
    0.423132   2.696462e-07   1.611581e-06   6.450829e-07
    0.425736   2.737118e-07   1.554500e-06   6.220624e-07
    0.425736   2.755020e-07   1.554500e-06   6.220624e-07
    0.425736   2.737118e-07   1.554500e-06   6.220624e-07
    0.425736   2.755020e-07   1.554500e-06   6.220624e-07
    0.425736   2.745770e-07   1.554500e-06   6.220624e-07
    0.425736   2.728285e-07   1.554500e-06   6.220624e-07
    0.425736   2.745770e-07   1.554500e-06   6.220624e-07
    0.425736   2.728285e-07   1.554500e-06   6.220624e-07
    0.432177   5.426779e-07   1.423121e-06   5.691104e-07
    0.432177   2.499086e-06   1.423121e-06   5.691104e-07
    0.432177   2.499086e-06   1.423121e-06   5.691104e-07
    0.432177   5.426779e-07   1.423121e-06   5.691104e-07
    0.432177   2.525655e-06   1.423121e-06   5.691104e-07
    0.432177   5.432527e-07   1.423121e-06   5.691104e-07
    0.432177   5.365997e-07   1.423121e-06   5.691104e-07
    0.432177   5.365997e-07   1.423121e-06   5.691104e-07
    0.432177   5.432527e-07   1.423121e-06   5.691104e-07
    0.432177   2.525655e-06   1.423121e-06   5.691104e-07
    0.432177   5.371359e-07   1.423121e-06   5.691104e-07
    0.432177   5.371359e-07   1.423121e-06   5.691104e-07
    0.433454   2.236807e-06   1.398639e-06   5.592483e-07
    0.433454   2.947459e-07   1.398639e-06   5.592483e-07
    0.433454   2.947459e-07   1.398639e-06   5.592483e-07
    0.433454   2.236807e-06   1.398639e-06   5.592483e-07
    0.433454   2.236581e-06   1.398639e-06   5.592483e-07
    0.433454   2.236581e-06   1.398639e-06   5.592483e-07
    0.433454   2.921232e-07   1.398639e-06   5.592483e-07
    0.433454   2.927823e-07   1.398639e-06   5.592483e-07
    0.433454   2.261291e-06   1.398639e-06   5.592483e-07
    0.433454   2.261534e-06   1.398639e-06   5.592483e-07
    0.433454   2.927823e-07   1.398639e-06   5.592483e-07
    0.433454   2.954446e-07   1.398639e-06   5.592483e-07
    0.433454   2.261534e-06   1.398639e-06   5.592483e-07
    0.433454   2.954446e-07   1.398639e-06   5.592483e-07
    0.433454   2.921232e-07   1.398639e-06   5.592483e-07
    0.433454   2.261291e-06   1.398639e-06   5.592483e-07
    0.437261   1.652042e-06   1.328480e-06   5.309957e-07
    0.437261   1.652419e-06   1.328480e-06   5.309957e-07
    0.437261   1.652042e-06   1.328480e-06   5.309957e-07
    0.437261   1.652419e-06   1.328480e-06   5.309957e-07
    0.437261   1.672323e-06   1.328480e-06   5.309957e-07
    0.437261   1.672728e-06   1.328480e-06   5.309957e-07
    0.437261   1.672728e-06   1.328480e-06   5.309957e-07
    0.437261   1.672323e-06   1.328480e-06   5.309957e-07
    0.443535   1.076572e-06   1.221619e-06   4.879909e-07
    0.443535   1.076572e-06   1.221619e-06   4.879909e-07
    0.443535   1.077006e-06   1.221619e-06   4.879909e-07
    0.443535   1.077006e-06   1.221619e-06   4.879909e-07
    0.443535   1.092332e-06   1.221619e-06   4.879909e-07
    0.443535   1.091864e-06   1.221619e-06   4.879909e-07
    0.443535   1.091864e-06   1.221619e-06   4.879909e-07
    0.443535   1.092332e-06   1.221619e-06   4.879909e-07
    0.446020   3.355701e-07   1.182084e-06   4.720894e-07
    0.446020   3.355701e-07   1.182084e-06   4.720894e-07
    0.446020   3.361187e-07   1.182084e-06   4.720894e-07
    0.446020   3.313335e-07   1.182084e-06   4.720894e-07
    0.446020   3.361187e-07   1.182084e-06   4.720894e-07
    0.446020   3.313335e-07   1.182084e-06   4.720894e-07
    0.446020   3.318450e-07   1.182084e-06   4.720894e-07
    0.446020   3.318450e-07   1.182084e-06   4.720894e-07
    0.447257   1.871026e-07   1.162955e-06   4.643973e-07
    0.447257   1.871026e-07   1.162955e-06   4.643973e-07
    0.447257   1.861693e-07   1.162955e-06   4.643973e-07
    0.447257   1.857982e-07   1.162955e-06   4.643973e-07
    0.447257   1.857982e-07   1.162955e-06   4.643973e-07
    0.447257   1.849048e-07   1.162955e-06   4.643973e-07
    0.447257   1.849048e-07   1.162955e-06   4.643973e-07
    0.447257   1.861693e-07   1.162955e-06   4.643973e-07
    0.452172   6.610369e-07   1.090437e-06   4.352471e-07
    0.452172   1.955443e-07   1.090437e-06   4.352471e-07
    0.452172   6.614706e-07   1.090437e-06   4.352471e-07
    0.452172   6.610369e-07   1.090437e-06   4.352471e-07
    0.452172   6.614706e-07   1.090437e-06   4.352471e-07
    0.452172   1.955443e-07   1.090437e-06   4.352471e-07
    0.452172   6.724631e-07   1.090437e-06   4.352471e-07
    0.452172   1.936336e-07   1.090437e-06   4.352471e-07
    0.452172   6.719935e-07   1.090437e-06   4.352471e-07
    0.452172   6.719935e-07   1.090437e-06   4.352471e-07
    0.452172   1.948521e-07   1.090437e-06   4.352471e-07
    0.452172   1.936336e-07   1.090437e-06   4.352471e-07
    0.452172   6.724631e-07   1.090437e-06   4.352471e-07
    0.452172   1.948521e-07   1.090437e-06   4.352471e-07
    0.452172   1.929798e-07   1.090437e-06   4.352471e-07
    0.452172   1.929798e-07   1.090437e-06   4.352471e-07
    0.461846   2.149951e-07   9.625300e-07   3.838753e-07
    0.461846   2.149951e-07   9.625300e-07   3.838753e-07
    0.461846   2.120235e-07   9.625300e-07   3.838753e-07
    0.461846   2.155278e-07   9.625300e-07   3.838753e-07
    0.461846   2.120235e-07   9.625300e-07   3.838753e-07
    0.461846   2.155278e-07   9.625300e-07   3.838753e-07
    0.461846   2.125201e-07   9.625300e-07   3.838753e-07
    0.461846   2.125201e-07   9.625300e-07   3.838753e-07
    0.463040   4.014464e-07   9.479747e-07   3.780330e-07
    0.463040   4.018605e-07   9.479747e-07   3.780330e-07
    0.463040   4.018605e-07   9.479747e-07   3.780330e-07
    0.463040   4.014464e-07   9.479747e-07   3.780330e-07
    0.463040   4.095291e-07   9.479747e-07   3.780330e-07
    0.463040   4.090796e-07   9.479747e-07   3.780330e-07
    0.463040   4.090796e-07   9.479747e-07   3.780330e-07
    0.463040   4.095291e-07   9.479747e-07   3.780330e-07
    0.465421   1.973676e-06   9.197328e-07   3.666994e-07
    0.465421   2.013188e-06   9.197328e-07   3.666994e-07
    0.465421   1.973676e-06   9.197328e-07   3.666994e-07
    0.465421   2.013188e-06   9.197328e-07   3.666994e-07
    0.466607   1.767398e-06   9.060318e-07   3.612022e-07
    0.466607   1.767398e-06   9.060318e-07   3.612022e-07
    0.466607   1.767215e-06   9.060318e-07   3.612022e-07
    0.466607   1.804319e-06   9.060318e-07   3.612022e-07
    0.466607   1.804120e-06   9.060318e-07   3.612022e-07
    0.466607   1.804120e-06   9.060318e-07   3.612022e-07
    0.466607   1.767215e-06   9.060318e-07   3.612022e-07
    0.466607   1.804319e-06   9.060318e-07   3.612022e-07
    0.470146   1.337185e-06   8.665272e-07   3.453558e-07
    0.470146   1.306309e-06   8.665272e-07   3.453558e-07
    0.470146   1.336854e-06   8.665272e-07   3.453558e-07
    0.470146   1.306309e-06   8.665272e-07   3.453558e-07
    0.470146   1.337185e-06   8.665272e-07   3.453558e-07
    0.470146   1.306613e-06   8.665272e-07   3.453558e-07
    0.470146   1.336854e-06   8.665272e-07   3.453558e-07
    0.470146   1.306613e-06   8.665272e-07   3.453558e-07
    0.470146   1.312159e-07   8.665272e-07   3.453558e-07
    0.470146   1.302495e-07   8.665272e-07   3.453558e-07
    0.470146   1.302495e-07   8.665272e-07   3.453558e-07
    0.470146   1.293217e-07   8.665272e-07   3.453558e-07
    0.472491   1.320102e-07   8.414586e-07   3.353032e-07
    0.472491   1.326739e-07   8.414586e-07   3.353032e-07
    0.472491   1.333658e-07   8.414586e-07   3.353032e-07
    0.472491   1.340673e-07   8.414586e-07   3.353032e-07
    0.472491   1.340673e-07   8.414586e-07   3.353032e-07
    0.472491   1.326739e-07   8.414586e-07   3.353032e-07
    0.472491   1.333658e-07   8.414586e-07   3.353032e-07
    0.472491   1.320102e-07   8.414586e-07   3.353032e-07
    0.475987   2.486463e-07   8.056371e-07   3.209431e-07
    0.475987   2.486463e-07   8.056371e-07   3.209431e-07
    0.475987   8.510467e-07   8.056371e-07   3.209431e-07
    0.475987   2.490406e-07   8.056371e-07   3.209431e-07
    0.475987   2.490406e-07   8.056371e-07   3.209431e-07
    0.475987   8.741685e-07   8.056371e-07   3.209431e-07
    0.475987   8.741685e-07   8.056371e-07   3.209431e-07
    0.475987   8.513949e-07   8.056371e-07   3.209431e-07
    0.475987   8.510467e-07   8.056371e-07   3.209431e-07
    0.475987   8.513949e-07   8.056371e-07   3.209431e-07
    0.475987   8.745502e-07   8.056371e-07   3.209431e-07
    0.475987   2.539106e-07   8.056371e-07   3.209431e-07
    0.475987   8.745502e-07   8.056371e-07   3.209431e-07
    0.475987   2.539106e-07   8.056371e-07   3.209431e-07
    0.475987   2.543394e-07   8.056371e-07   3.209431e-07
    0.475987   2.543394e-07   8.056371e-07   3.209431e-07
    0.479457   1.436167e-07   7.718204e-07   3.073913e-07
    0.479457   1.436167e-07   7.718204e-07   3.073913e-07
    0.479457   1.414697e-07   7.718204e-07   3.073913e-07
    0.479457   1.430878e-07   7.718204e-07   3.073913e-07
    0.479457   1.430878e-07   7.718204e-07   3.073913e-07
    0.479457   1.414697e-07   7.718204e-07   3.073913e-07
    0.479457   1.409766e-07   7.718204e-07   3.073913e-07
    0.479457   1.409766e-07   7.718204e-07   3.073913e-07
    0.484045   5.380785e-07   7.296125e-07   2.904836e-07
    0.484045   5.380785e-07   7.296125e-07   2.904836e-07
    0.484045   5.384605e-07   7.296125e-07   2.904836e-07
    0.484045   5.216079e-07   7.296125e-07   2.904836e-07
    0.484045   5.216079e-07   7.296125e-07   2.904836e-07
    0.484045   5.219544e-07   7.296125e-07   2.904836e-07
    0.484045   5.384605e-07   7.296125e-07   2.904836e-07
    0.484045   5.219544e-07   7.296125e-07   2.904836e-07
    0.490847   1.598743e-07   6.718833e-07   2.673710e-07
    0.490847   1.594925e-07   6.718833e-07   2.673710e-07
    0.490847   1.598743e-07   6.718833e-07   2.673710e-07
    0.490847   1.594925e-07   6.718833e-07   2.673710e-07
    0.490847   1.635557e-07   6.718833e-07   2.673710e-07
    0.490847   1.631398e-07   6.718833e-07   2.673710e-07
    0.490847   1.631398e-07   6.718833e-07   2.673710e-07
    0.490847   1.635557e-07   6.718833e-07   2.673710e-07
    0.494213   3.157942e-07   6.452929e-07   2.567302e-07
    0.494213   3.270952e-07   6.452929e-07   2.567302e-07
    0.494213   3.157942e-07   6.452929e-07   2.567302e-07
    0.494213   3.270952e-07   6.452929e-07   2.567302e-07
    0.494213   3.161227e-07   6.452929e-07   2.567302e-07
    0.494213   3.274592e-07   6.452929e-07   2.567302e-07
    0.494213   9.407660e-08   6.452929e-07   2.567302e-07
    0.494213   9.480499e-08   6.452929e-07   2.567302e-07
    0.494213   3.274592e-07   6.452929e-07   2.567302e-07
    0.494213   9.407660e-08   6.452929e-07   2.567302e-07
    0.494213   3.161227e-07   6.452929e-07   2.567302e-07
    0.494213   9.480499e-08   6.452929e-07   2.567302e-07
    0.494213   9.308093e-08   6.452929e-07   2.567302e-07
    0.494213   9.308093e-08   6.452929e-07   2.567302e-07
    0.494213   9.377148e-08   6.452929e-07   2.567302e-07
    0.494213   9.377148e-08   6.452929e-07   2.567302e-07
    0.498666   9.856526e-08   6.119776e-07   2.434030e-07
    0.498666   9.856526e-08   6.119776e-07   2.434030e-07
    0.498666   9.910221e-08   6.119776e-07   2.434030e-07
    0.498666   9.910221e-08   6.119776e-07   2.434030e-07
    0.498666   9.704137e-08   6.119776e-07   2.434030e-07
    0.498666   1.784842e-06   6.119776e-07   2.434030e-07
    0.498666   9.704137e-08   6.119776e-07   2.434030e-07
    0.498666   1.784842e-06   6.119776e-07   2.434030e-07
    0.498666   9.754206e-08   6.119776e-07   2.434030e-07
    0.498666   9.754206e-08   6.119776e-07   2.434030e-07
    0.499772   1.597924e-06   6.040087e-07   2.402160e-07
    0.499772   1.597751e-06   6.040087e-07   2.402160e-07
    0.499772   1.597751e-06   6.040087e-07   2.402160e-07
    0.499772   1.597924e-06   6.040087e-07   2.402160e-07
    0.503079   1.180157e-06   5.809167e-07   2.309825e-07
    0.503079   1.180157e-06   5.809167e-07   2.309825e-07
    0.503079   1.179869e-06   5.809167e-07   2.309825e-07
    0.503079   1.179869e-06   5.809167e-07   2.309825e-07
    0.506363   2.025220e-07   5.589870e-07   2.222163e-07
    0.506363   2.028674e-07   5.589870e-07   2.222163e-07
    0.506363   1.948864e-07   5.589870e-07   2.222163e-07
    0.506363   1.948864e-07   5.589870e-07   2.222163e-07
    0.506363   2.025220e-07   5.589870e-07   2.222163e-07
    0.506363   1.951972e-07   5.589870e-07   2.222163e-07
    0.506363   1.951972e-07   5.589870e-07   2.222163e-07
    0.506363   2.028674e-07   5.589870e-07   2.222163e-07
    0.507453   1.066929e-07   5.519228e-07   2.193929e-07
    0.507453   1.066929e-07   5.519228e-07   2.193929e-07
    0.507453   1.092917e-07   5.519228e-07   2.193929e-07
    0.507453   1.088792e-07   5.519228e-07   2.193929e-07
    0.507453   1.063147e-07   5.519228e-07   2.193929e-07
    0.507453   1.063147e-07   5.519228e-07   2.193929e-07
    0.507453   1.092917e-07   5.519228e-07   2.193929e-07
    0.507453   1.088792e-07   5.519228e-07   2.193929e-07
    0.508541   7.669165e-07   5.449771e-07   2.166172e-07
    0.508541   7.669165e-07   5.449771e-07   2.166172e-07
    0.508541   7.672447e-07   5.449771e-07   2.166172e-07
    0.508541   7.672447e-07   5.449771e-07   2.166172e-07
    0.516091   4.682024e-07   4.994755e-07   1.984397e-07
    0.516091   4.685277e-07   4.994755e-07   1.984397e-07
    0.516091   4.682024e-07   4.994755e-07   1.984397e-07
    0.516091   4.685277e-07   4.994755e-07   1.984397e-07
    0.517161   6.897813e-08   4.933939e-07   1.960111e-07
    0.517161   6.745670e-08   4.933939e-07   1.960111e-07
    0.517161   6.819812e-08   4.933939e-07   1.960111e-07
    0.517161   6.819812e-08   4.933939e-07   1.960111e-07
    0.519294   6.935762e-08   4.815238e-07   1.912713e-07
    0.519294   6.995524e-08   4.815238e-07   1.912713e-07
    0.519294   6.883702e-08   4.815238e-07   1.912713e-07
    0.519294   6.883702e-08   4.815238e-07   1.912713e-07
    0.519294   6.995524e-08   4.815238e-07   1.912713e-07
    0.519294   6.935762e-08   4.815238e-07   1.912713e-07
    0.519294   7.051339e-08   4.815238e-07   1.912713e-07
    0.519294   7.051339e-08   4.815238e-07   1.912713e-07
    0.520357   1.245935e-07   4.757313e-07   1.889586e-07
    0.520357   1.297761e-07   4.757313e-07   1.889586e-07
    0.520357   1.245935e-07   4.757313e-07   1.889586e-07
    0.520357   1.297761e-07   4.757313e-07   1.889586e-07
    0.520357   1.248925e-07   4.757313e-07   1.889586e-07
    0.520357   1.301095e-07   4.757313e-07   1.889586e-07
    0.520357   1.248925e-07   4.757313e-07   1.889586e-07
    0.520357   1.301095e-07   4.757313e-07   1.889586e-07
    0.525640   7.341283e-08   4.481207e-07   1.779378e-07
    0.525640   7.379569e-08   4.481207e-07   1.779378e-07
    0.525640   2.818992e-07   4.481207e-07   1.779378e-07
    0.525640   2.822060e-07   4.481207e-07   1.779378e-07
    0.525640   2.818992e-07   4.481207e-07   1.779378e-07
    0.525640   7.567041e-08   4.481207e-07   1.779378e-07
    0.525640   7.567041e-08   4.481207e-07   1.779378e-07
    0.525640   7.379569e-08   4.481207e-07   1.779378e-07
    0.525640   7.341283e-08   4.481207e-07   1.779378e-07
    0.525640   7.525215e-08   4.481207e-07   1.779378e-07
    0.525640   7.525215e-08   4.481207e-07   1.779378e-07
    0.525640   2.822060e-07   4.481207e-07   1.779378e-07
    0.536049   8.678050e-08   3.989922e-07   1.583393e-07
    0.536049   8.678050e-08   3.989922e-07   1.583393e-07
    0.536049   8.316034e-08   3.989922e-07   1.583393e-07
    0.536049   8.316034e-08   3.989922e-07   1.583393e-07
    0.536049   8.286605e-08   3.989922e-07   1.583393e-07
    0.536049   8.645148e-08   3.989922e-07   1.583393e-07
    0.536049   8.286605e-08   3.989922e-07   1.583393e-07
    0.536049   8.645148e-08   3.989922e-07   1.583393e-07
    0.537079   1.731052e-07   3.944818e-07   1.565408e-07
    0.537079   1.728168e-07   3.944818e-07   1.565408e-07
    0.537079   1.731052e-07   3.944818e-07   1.565408e-07
    0.537079   1.728168e-07   3.944818e-07   1.565408e-07
    0.541179   5.073312e-08   3.771053e-07   1.496132e-07
    0.541179   5.100775e-08   3.771053e-07   1.496132e-07
    0.541179   5.017490e-08   3.771053e-07   1.496132e-07
    0.541179   5.160590e-08   3.771053e-07   1.496132e-07
    0.541179   5.100775e-08   3.771053e-07   1.496132e-07
    0.541179   5.160590e-08   3.771053e-07   1.496132e-07
    0.541179   5.017490e-08   3.771053e-07   1.496132e-07
    0.541179   5.073312e-08   3.771053e-07   1.496132e-07
    0.545248   5.228168e-08   3.607346e-07   1.430883e-07
    0.545248   5.267818e-08   3.607346e-07   1.430883e-07
    0.545248   5.267818e-08   3.607346e-07   1.430883e-07
    0.545248   5.228168e-08   3.607346e-07   1.430883e-07
    0.545248   5.362877e-08   3.607346e-07   1.430883e-07
    0.545248   5.406295e-08   3.607346e-07   1.430883e-07
    0.545248   5.362877e-08   3.607346e-07   1.430883e-07
    0.545248   5.406295e-08   3.607346e-07   1.430883e-07
    0.550292   1.097323e-07   3.415767e-07   1.354549e-07
    0.550292   1.097323e-07   3.415767e-07   1.354549e-07
    0.550292   1.100079e-07   3.415767e-07   1.354549e-07
    0.550292   1.100079e-07   3.415767e-07   1.354549e-07
    0.553297   6.006639e-08   3.307294e-07   1.311340e-07
    0.553297   5.748270e-08   3.307294e-07   1.311340e-07
    0.553297   5.973442e-08   3.307294e-07   1.311340e-07
    0.553297   5.718682e-08   3.307294e-07   1.311340e-07
    0.553297   5.973442e-08   3.307294e-07   1.311340e-07
    0.553297   5.718682e-08   3.307294e-07   1.311340e-07
    0.553297   5.748270e-08   3.307294e-07   1.311340e-07
    0.553297   6.006639e-08   3.307294e-07   1.311340e-07
    0.564176   3.883024e-08   2.946697e-07   1.167763e-07
    0.564176   3.815994e-08   2.946697e-07   1.167763e-07
    0.564176   3.753321e-08   2.946697e-07   1.167763e-07
    0.564176   3.815994e-08   2.946697e-07   1.167763e-07
    0.565154   7.283118e-08   2.916565e-07   1.155770e-07
    0.565154   7.256174e-08   2.916565e-07   1.155770e-07
    0.565154   7.256174e-08   2.916565e-07   1.155770e-07
    0.565154   7.283118e-08   2.916565e-07   1.155770e-07
    0.566131   3.871312e-08   2.886843e-07   1.143941e-07
    0.566131   3.929511e-08   2.886843e-07   1.143941e-07
    0.566131   3.975988e-08   2.886843e-07   1.143941e-07
    0.566131   3.929511e-08   2.886843e-07   1.143941e-07
    0.566131   3.975988e-08   2.886843e-07   1.143941e-07
    0.566131   3.829004e-08   2.886843e-07   1.143941e-07
    0.566131   3.871312e-08   2.886843e-07   1.143941e-07
    0.566131   3.829004e-08   2.886843e-07   1.143941e-07
    0.571958   4.108287e-08   2.716732e-07   1.076252e-07
    0.571958   4.077891e-08   2.716732e-07   1.076252e-07
    0.571958   4.108287e-08   2.716732e-07   1.076252e-07
    0.571958   4.264114e-08   2.716732e-07   1.076252e-07
    0.571958   4.077891e-08   2.716732e-07   1.076252e-07
    0.571958   4.298396e-08   2.716732e-07   1.076252e-07
    0.571958   4.298396e-08   2.716732e-07   1.076252e-07
    0.571958   4.264114e-08   2.716732e-07   1.076252e-07
    0.581539   5.016748e-08   2.461722e-07   9.748257e-08
    0.581539   5.016748e-08   2.461722e-07   9.748257e-08
    0.581539   4.989828e-08   2.461722e-07   9.748257e-08
    0.581539   4.989828e-08   2.461722e-07   9.748257e-08
    0.588153   2.928126e-08   2.301913e-07   9.112938e-08
    0.588153   2.880856e-08   2.301913e-07   9.112938e-08
    0.588153   2.880856e-08   2.301913e-07   9.112938e-08
    0.588153   3.008838e-08   2.301913e-07   9.112938e-08
    0.588153   2.928126e-08   2.301913e-07   9.112938e-08
    0.588153   3.008838e-08   2.301913e-07   9.112938e-08
    0.588153   2.956729e-08   2.301913e-07   9.112938e-08
    0.588153   2.956729e-08   2.301913e-07   9.112938e-08
    0.591899   2.996369e-08   2.216767e-07   8.774534e-08
    0.591899   3.028470e-08   2.216767e-07   8.774534e-08
    0.591899   3.136001e-08   2.216767e-07   8.774534e-08
    0.591899   3.136001e-08   2.216767e-07   8.774534e-08
    0.591899   3.028470e-08   2.216767e-07   8.774534e-08
    0.591899   3.172503e-08   2.216767e-07   8.774534e-08
    0.591899   3.172503e-08   2.216767e-07   8.774534e-08
    0.591899   2.996369e-08   2.216767e-07   8.774534e-08
    0.599321   3.556021e-08   2.058669e-07   8.146376e-08
    0.599321   3.583529e-08   2.058669e-07   8.146376e-08
    0.599321   3.583529e-08   2.058669e-07   8.146376e-08
    0.599321   3.556021e-08   2.058669e-07   8.146376e-08
    0.611190   2.283947e-08   1.832327e-07   7.247508e-08
    0.611190   2.283947e-08   1.832327e-07   7.247508e-08
    0.611190   2.226800e-08   1.832327e-07   7.247508e-08
    0.611190   2.347006e-08   1.832327e-07   7.247508e-08
    0.612996   2.413999e-08   1.800497e-07   7.121144e-08
    0.612996   2.413999e-08   1.800497e-07   7.121144e-08
    0.612996   2.302057e-08   1.800497e-07   7.121144e-08
    0.612996   2.302057e-08   1.800497e-07   7.121144e-08
    0.612996   2.266689e-08   1.800497e-07   7.121144e-08
    0.612996   2.373252e-08   1.800497e-07   7.121144e-08
    0.612996   2.266689e-08   1.800497e-07   7.121144e-08
    0.612996   2.373252e-08   1.800497e-07   7.121144e-08
    0.618381   2.619413e-08   1.709320e-07   6.759242e-08
    0.618381   2.648352e-08   1.709320e-07   6.759242e-08
    0.618381   2.619413e-08   1.709320e-07   6.759242e-08
    0.618381   2.648352e-08   1.709320e-07   6.759242e-08
    0.635133   1.766386e-08   1.458244e-07   5.763152e-08
    0.635133   1.766386e-08   1.458244e-07   5.763152e-08
    0.635133   1.847653e-08   1.458244e-07   5.763152e-08
    0.635133   1.847653e-08   1.458244e-07   5.763152e-08
    0.635133   1.808329e-08   1.458244e-07   5.763152e-08
    0.635133   1.896964e-08   1.458244e-07   5.763152e-08
    0.635133   1.896964e-08   1.458244e-07   5.763152e-08
    0.635133   1.808329e-08   1.458244e-07   5.763152e-08
    0.638603   2.023841e-08   1.411755e-07   5.578802e-08
    0.638603   2.023841e-08   1.411755e-07   5.578802e-08
    0.638603   1.992013e-08   1.411755e-07   5.578802e-08
    0.638603   1.992013e-08   1.411755e-07   5.578802e-08
    0.658205   1.418460e-08   1.179438e-07   4.657983e-08
    0.658205   1.477068e-08   1.179438e-07   4.657983e-08
    0.658205   1.547444e-08   1.179438e-07   4.657983e-08
    0.658205   1.477068e-08   1.179438e-07   4.657983e-08
    0.659882   1.564098e-08   1.161720e-07   4.587784e-08
    0.659882   1.564098e-08   1.161720e-07   4.587784e-08
    0.659882   1.601888e-08   1.161720e-07   4.587784e-08
    0.659882   1.601888e-08   1.161720e-07   4.587784e-08
    0.682117   1.267501e-08   9.537959e-08   3.764366e-08
    0.682117   1.320632e-08   9.537959e-08   3.764366e-08
    0.682117   1.267501e-08   9.537959e-08   3.764366e-08
    0.682117   1.320632e-08   9.537959e-08   3.764366e-08
    0.705220   1.144860e-08   7.822290e-08   3.085465e-08
