# energy_eV    eps2_arb    eps2_normalised
1.500000e+00 1.900457e-01 1.317915e-03
1.501251e+00 1.906693e-01 1.322240e-03
1.502502e+00 1.912966e-01 1.326590e-03
1.503753e+00 1.919274e-01 1.330965e-03
1.505004e+00 1.925620e-01 1.335365e-03
1.506255e+00 1.932003e-01 1.339791e-03
1.507506e+00 1.938423e-01 1.344243e-03
1.508757e+00 1.944880e-01 1.348722e-03
1.510008e+00 1.951376e-01 1.353226e-03
1.511259e+00 1.957911e-01 1.357758e-03
1.512510e+00 1.964484e-01 1.362316e-03
1.513761e+00 1.971096e-01 1.366901e-03
1.515013e+00 1.977747e-01 1.371514e-03
1.516264e+00 1.984439e-01 1.376154e-03
1.517515e+00 1.991170e-01 1.380822e-03
1.518766e+00 1.997942e-01 1.385519e-03
1.520017e+00 2.004755e-01 1.390243e-03
1.521268e+00 2.011610e-01 1.394997e-03
1.522519e+00 2.018506e-01 1.399779e-03
1.523770e+00 2.025444e-01 1.404590e-03
1.525021e+00 2.032424e-01 1.409431e-03
1.526272e+00 2.039447e-01 1.414301e-03
1.527523e+00 2.046513e-01 1.419201e-03
1.528774e+00 2.053623e-01 1.424132e-03
1.530025e+00 2.060777e-01 1.429093e-03
1.531276e+00 2.067975e-01 1.434085e-03
1.532527e+00 2.075218e-01 1.439107e-03
1.533778e+00 2.082507e-01 1.444162e-03
1.535029e+00 2.089840e-01 1.449248e-03
1.536280e+00 2.097220e-01 1.454365e-03
1.537531e+00 2.104647e-01 1.459515e-03
1.538782e+00 2.112120e-01 1.464698e-03
1.540033e+00 2.119641e-01 1.469914e-03
1.541284e+00 2.127210e-01 1.475162e-03
1.542535e+00 2.134827e-01 1.480444e-03
1.543786e+00 2.142493e-01 1.485760e-03
1.545038e+00 2.150208e-01 1.491111e-03
1.546289e+00 2.157972e-01 1.496495e-03
1.547540e+00 2.165787e-01 1.501915e-03
1.548791e+00 2.173653e-01 1.507369e-03
1.550042e+00 2.181570e-01 1.512859e-03
1.551293e+00 2.189538e-01 1.518385e-03
1.552544e+00 2.197559e-01 1.523947e-03
1.553795e+00 2.205632e-01 1.529546e-03
1.555046e+00 2.213759e-01 1.535181e-03
1.556297e+00 2.221939e-01 1.540854e-03
1.557548e+00 2.230173e-01 1.546564e-03
1.558799e+00 2.238463e-01 1.552313e-03
1.560050e+00 2.246807e-01 1.558100e-03
1.561301e+00 2.255208e-01 1.563925e-03
1.562552e+00 2.263665e-01 1.569790e-03
1.563803e+00 2.272179e-01 1.575694e-03
1.565054e+00 2.280751e-01 1.581639e-03
1.566305e+00 2.289381e-01 1.587623e-03
1.567556e+00 2.298069e-01 1.593649e-03
1.568807e+00 2.306818e-01 1.599715e-03
1.570058e+00 2.315626e-01 1.605823e-03
1.571309e+00 2.324494e-01 1.611974e-03
1.572560e+00 2.333425e-01 1.618166e-03
1.573812e+00 2.342416e-01 1.624402e-03
1.575063e+00 2.351471e-01 1.630681e-03
1.576314e+00 2.360589e-01 1.637004e-03
1.577565e+00 2.369770e-01 1.643371e-03
1.578816e+00 2.379016e-01 1.649783e-03
1.580067e+00 2.388327e-01 1.656240e-03
1.581318e+00 2.397705e-01 1.662743e-03
1.582569e+00 2.407148e-01 1.669292e-03
1.583820e+00 2.416659e-01 1.675888e-03
1.585071e+00 2.426238e-01 1.682530e-03
1.586322e+00 2.435886e-01 1.689221e-03
1.587573e+00 2.445604e-01 1.695960e-03
1.588824e+00 2.455391e-01 1.702747e-03
1.590075e+00 2.465250e-01 1.709584e-03
1.591326e+00 2.475180e-01 1.716470e-03
1.592577e+00 2.485183e-01 1.723407e-03
1.593828e+00 2.495259e-01 1.730394e-03
1.595079e+00 2.505410e-01 1.737434e-03
1.596330e+00 2.515635e-01 1.744525e-03
1.597581e+00 2.525937e-01 1.751668e-03
1.598832e+00 2.536315e-01 1.758865e-03
1.600083e+00 2.546770e-01 1.766116e-03
1.601334e+00 2.557304e-01 1.773421e-03
1.602585e+00 2.567917e-01 1.780781e-03
1.603837e+00 2.578610e-01 1.788196e-03
1.605088e+00 2.589385e-01 1.795668e-03
1.606339e+00 2.600241e-01 1.803197e-03
1.607590e+00 2.611181e-01 1.810783e-03
1.608841e+00 2.622204e-01 1.818427e-03
1.610092e+00 2.633312e-01 1.826130e-03
1.611343e+00 2.644506e-01 1.833893e-03
1.612594e+00 2.655787e-01 1.841716e-03
1.613845e+00 2.667155e-01 1.849600e-03
1.615096e+00 2.678613e-01 1.857545e-03
1.616347e+00 2.690160e-01 1.865553e-03
1.617598e+00 2.701799e-01 1.873624e-03
1.618849e+00 2.713529e-01 1.881759e-03
1.620100e+00 2.725353e-01 1.889958e-03
1.621351e+00 2.737271e-01 1.898223e-03
1.622602e+00 2.749284e-01 1.906553e-03
1.623853e+00 2.761393e-01 1.914951e-03
1.625104e+00 2.773601e-01 1.923417e-03
1.626355e+00 2.785907e-01 1.931951e-03
1.627606e+00 2.798313e-01 1.940554e-03
1.628857e+00 2.810821e-01 1.949228e-03
1.630108e+00 2.823431e-01 1.957973e-03
1.631359e+00 2.836145e-01 1.966789e-03
1.632611e+00 2.848964e-01 1.975679e-03
1.633862e+00 2.861889e-01 1.984642e-03
1.635113e+00 2.874922e-01 1.993680e-03
1.636364e+00 2.888064e-01 2.002794e-03
1.637615e+00 2.901316e-01 2.011984e-03
1.638866e+00 2.914680e-01 2.021252e-03
1.640117e+00 2.928158e-01 2.030598e-03
1.641368e+00 2.941750e-01 2.040023e-03
1.642619e+00 2.955458e-01 2.049530e-03
1.643870e+00 2.969283e-01 2.059117e-03
1.645121e+00 2.983228e-01 2.068788e-03
1.646372e+00 2.997293e-01 2.078541e-03
1.647623e+00 3.011481e-01 2.088380e-03
1.648874e+00 3.025792e-01 2.098305e-03
1.650125e+00 3.040229e-01 2.108316e-03
1.651376e+00 3.054792e-01 2.118415e-03
1.652627e+00 3.069485e-01 2.128604e-03
1.653878e+00 3.084307e-01 2.138883e-03
1.655129e+00 3.099262e-01 2.149254e-03
1.656380e+00 3.114351e-01 2.159718e-03
1.657631e+00 3.129575e-01 2.170275e-03
1.658882e+00 3.144937e-01 2.180928e-03
1.660133e+00 3.160438e-01 2.191678e-03
1.661384e+00 3.176081e-01 2.202526e-03
1.662636e+00 3.191867e-01 2.213473e-03
1.663887e+00 3.207797e-01 2.224520e-03
1.665138e+00 3.223875e-01 2.235670e-03
1.666389e+00 3.240102e-01 2.246923e-03
1.667640e+00 3.256481e-01 2.258281e-03
1.668891e+00 3.273012e-01 2.269745e-03
1.670142e+00 3.289699e-01 2.281317e-03
1.671393e+00 3.306544e-01 2.292998e-03
1.672644e+00 3.323548e-01 2.304790e-03
1.673895e+00 3.340715e-01 2.316695e-03
1.675146e+00 3.358046e-01 2.328714e-03
1.676397e+00 3.375544e-01 2.340848e-03
1.677648e+00 3.393211e-01 2.353100e-03
1.678899e+00 3.411050e-01 2.365470e-03
1.680150e+00 3.429062e-01 2.377961e-03
1.681401e+00 3.447252e-01 2.390575e-03
1.682652e+00 3.465620e-01 2.403313e-03
1.683903e+00 3.484171e-01 2.416178e-03
1.685154e+00 3.502905e-01 2.429170e-03
1.686405e+00 3.521828e-01 2.442292e-03
1.687656e+00 3.540940e-01 2.455545e-03
1.688907e+00 3.560245e-01 2.468933e-03
1.690158e+00 3.579745e-01 2.482456e-03
1.691410e+00 3.599445e-01 2.496117e-03
1.692661e+00 3.619346e-01 2.509918e-03
1.693912e+00 3.639452e-01 2.523861e-03
1.695163e+00 3.659766e-01 2.537948e-03
1.696414e+00 3.680291e-01 2.552182e-03
1.697665e+00 3.701031e-01 2.566564e-03
1.698916e+00 3.721988e-01 2.581097e-03
1.700167e+00 3.743166e-01 2.595784e-03
1.701418e+00 3.764569e-01 2.610626e-03
1.702669e+00 3.786200e-01 2.625627e-03
1.703920e+00 3.808063e-01 2.640788e-03
1.705171e+00 3.830161e-01 2.656112e-03
1.706422e+00 3.852498e-01 2.671602e-03
1.707673e+00 3.875078e-01 2.687261e-03
1.708924e+00 3.897905e-01 2.703091e-03
1.710175e+00 3.920983e-01 2.719095e-03
1.711426e+00 3.944316e-01 2.735276e-03
1.712677e+00 3.967908e-01 2.751637e-03
1.713928e+00 3.991764e-01 2.768180e-03
1.715179e+00 4.015887e-01 2.784909e-03
1.716430e+00 4.040283e-01 2.801826e-03
1.717681e+00 4.064955e-01 2.818936e-03
1.718932e+00 4.089909e-01 2.836241e-03
1.720183e+00 4.115149e-01 2.853744e-03
1.721435e+00 4.140680e-01 2.871449e-03
1.722686e+00 4.166507e-01 2.889359e-03
1.723937e+00 4.192635e-01 2.907479e-03
1.725188e+00 4.219070e-01 2.925810e-03
1.726439e+00 4.245815e-01 2.944358e-03
1.727690e+00 4.272878e-01 2.963125e-03
1.728941e+00 4.300263e-01 2.982116e-03
1.730192e+00 4.327977e-01 3.001334e-03
1.731443e+00 4.356024e-01 3.020784e-03
1.732694e+00 4.384411e-01 3.040470e-03
1.733945e+00 4.413145e-01 3.060396e-03
1.735196e+00 4.442230e-01 3.080566e-03
1.736447e+00 4.471674e-01 3.100984e-03
1.737698e+00 4.501483e-01 3.121656e-03
1.738949e+00 4.531663e-01 3.142585e-03
1.740200e+00 4.562223e-01 3.163777e-03
1.741451e+00 4.593167e-01 3.185237e-03
1.742702e+00 4.624504e-01 3.206968e-03
1.743953e+00 4.656242e-01 3.228977e-03
1.745204e+00 4.688386e-01 3.251268e-03
1.746455e+00 4.720946e-01 3.273848e-03
1.747706e+00 4.753929e-01 3.296720e-03
1.748957e+00 4.787343e-01 3.319892e-03
1.750209e+00 4.821196e-01 3.343368e-03
1.751460e+00 4.855497e-01 3.367155e-03
1.752711e+00 4.890254e-01 3.391258e-03
1.753962e+00 4.925477e-01 3.415684e-03
1.755213e+00 4.961174e-01 3.440439e-03
1.756464e+00 4.997355e-01 3.465530e-03
1.757715e+00 5.034030e-01 3.490963e-03
1.758966e+00 5.071208e-01 3.516745e-03
1.760217e+00 5.108899e-01 3.542883e-03
1.761468e+00 5.147114e-01 3.569384e-03
1.762719e+00 5.185864e-01 3.596256e-03
1.763970e+00 5.225159e-01 3.623505e-03
1.765221e+00 5.265010e-01 3.651141e-03
1.766472e+00 5.305429e-01 3.679171e-03
1.767723e+00 5.346428e-01 3.707603e-03
1.768974e+00 5.388020e-01 3.736445e-03
1.770225e+00 5.430215e-01 3.765706e-03
1.771476e+00 5.473028e-01 3.795396e-03
1.772727e+00 5.516471e-01 3.825523e-03
1.773978e+00 5.560558e-01 3.856096e-03
1.775229e+00 5.605303e-01 3.887125e-03
1.776480e+00 5.650719e-01 3.918620e-03
1.777731e+00 5.696823e-01 3.950592e-03
1.778982e+00 5.743628e-01 3.983050e-03
1.780234e+00 5.791150e-01 4.016005e-03
1.781485e+00 5.839406e-01 4.049469e-03
1.782736e+00 5.888411e-01 4.083453e-03
1.783987e+00 5.938183e-01 4.117968e-03
1.785238e+00 5.988739e-01 4.153028e-03
1.786489e+00 6.040097e-01 4.188643e-03
1.787740e+00 6.092274e-01 4.224827e-03
1.788991e+00 6.145291e-01 4.261592e-03
1.790242e+00 6.199167e-01 4.298954e-03
1.791493e+00 6.253922e-01 4.336925e-03
1.792744e+00 6.309576e-01 4.375519e-03
1.793995e+00 6.366151e-01 4.414753e-03
1.795246e+00 6.423669e-01 4.454640e-03
1.796497e+00 6.482153e-01 4.495197e-03
1.797748e+00 6.541626e-01 4.536439e-03
1.798999e+00 6.602111e-01 4.578385e-03
1.800250e+00 6.663635e-01 4.621050e-03
1.801501e+00 6.726223e-01 4.664453e-03
1.802752e+00 6.789900e-01 4.708611e-03
1.804003e+00 6.854695e-01 4.753545e-03
1.805254e+00 6.920636e-01 4.799273e-03
1.806505e+00 6.987752e-01 4.845816e-03
1.807756e+00 7.056072e-01 4.893194e-03
1.809008e+00 7.125629e-01 4.941430e-03
1.810259e+00 7.196453e-01 4.990544e-03
1.811510e+00 7.268579e-01 5.040562e-03
1.812761e+00 7.342040e-01 5.091505e-03
1.814012e+00 7.416872e-01 5.143399e-03
1.815263e+00 7.493112e-01 5.196269e-03
1.816514e+00 7.570797e-01 5.250142e-03
1.817765e+00 7.649967e-01 5.305044e-03
1.819016e+00 7.730662e-01 5.361004e-03
1.820267e+00 7.812925e-01 5.418051e-03
1.821518e+00 7.896798e-01 5.476215e-03
1.822769e+00 7.982327e-01 5.535527e-03
1.824020e+00 8.069559e-01 5.596020e-03
1.825271e+00 8.158542e-01 5.657727e-03
1.826522e+00 8.249325e-01 5.720683e-03
1.827773e+00 8.341962e-01 5.784924e-03
1.829024e+00 8.436505e-01 5.850487e-03
1.830275e+00 8.533011e-01 5.917411e-03
1.831526e+00 8.631537e-01 5.985736e-03
1.832777e+00 8.732145e-01 6.055505e-03
1.834028e+00 8.834895e-01 6.126759e-03
1.835279e+00 8.939853e-01 6.199545e-03
1.836530e+00 9.047087e-01 6.273909e-03
1.837781e+00 9.156666e-01 6.349899e-03
1.839033e+00 9.268663e-01 6.427566e-03
1.840284e+00 9.383154e-01 6.506962e-03
1.841535e+00 9.500218e-01 6.588143e-03
1.842786e+00 9.619935e-01 6.671163e-03
1.844037e+00 9.742392e-01 6.756084e-03
1.845288e+00 9.867676e-01 6.842965e-03
1.846539e+00 9.995881e-01 6.931872e-03
1.847790e+00 1.012710e+00 7.022870e-03
1.849041e+00 1.026144e+00 7.116029e-03
1.850292e+00 1.039900e+00 7.211422e-03
1.851543e+00 1.053989e+00 7.309125e-03
1.852794e+00 1.068422e+00 7.409215e-03
1.854045e+00 1.083211e+00 7.511775e-03
1.855296e+00 1.098369e+00 7.616891e-03
1.856547e+00 1.113908e+00 7.724652e-03
1.857798e+00 1.129843e+00 7.835153e-03
1.859049e+00 1.146186e+00 7.948490e-03
1.860300e+00 1.162954e+00 8.064767e-03
1.861551e+00 1.180160e+00 8.184089e-03
1.862802e+00 1.197822e+00 8.306570e-03
1.864053e+00 1.215956e+00 8.432326e-03
1.865304e+00 1.234580e+00 8.561480e-03
1.866555e+00 1.253713e+00 8.694160e-03
1.867807e+00 1.273374e+00 8.830502e-03
1.869058e+00 1.293583e+00 8.970646e-03
1.870309e+00 1.314362e+00 9.114741e-03
1.871560e+00 1.335733e+00 9.262943e-03
1.872811e+00 1.357719e+00 9.415414e-03
1.874062e+00 1.380346e+00 9.572327e-03
1.875313e+00 1.403640e+00 9.733861e-03
1.876564e+00 1.427627e+00 9.900208e-03
1.877815e+00 1.452337e+00 1.007157e-02
1.879066e+00 1.477801e+00 1.024814e-02
1.880317e+00 1.504048e+00 1.043017e-02
1.881568e+00 1.531115e+00 1.061787e-02
1.882819e+00 1.559035e+00 1.081149e-02
1.884070e+00 1.587847e+00 1.101129e-02
1.885321e+00 1.617590e+00 1.121755e-02
1.886572e+00 1.648306e+00 1.143055e-02
1.887823e+00 1.680038e+00 1.165061e-02
1.889074e+00 1.712834e+00 1.187803e-02
1.890325e+00 1.746742e+00 1.211318e-02
1.891576e+00 1.781816e+00 1.235641e-02
1.892827e+00 1.818110e+00 1.260810e-02
1.894078e+00 1.855683e+00 1.286866e-02
1.895329e+00 1.894598e+00 1.313852e-02
1.896580e+00 1.934920e+00 1.341815e-02
1.897832e+00 1.976721e+00 1.370802e-02
1.899083e+00 2.020074e+00 1.400866e-02
1.900334e+00 2.065059e+00 1.432062e-02
1.901585e+00 2.111761e+00 1.464449e-02
1.902836e+00 2.160271e+00 1.498089e-02
1.904087e+00 2.210684e+00 1.533049e-02
1.905338e+00 2.263103e+00 1.569400e-02
1.906589e+00 2.317638e+00 1.607219e-02
1.907840e+00 2.374407e+00 1.646586e-02
1.909091e+00 2.433534e+00 1.687590e-02
1.910342e+00 2.495155e+00 1.730322e-02
1.911593e+00 2.559414e+00 1.774884e-02
1.912844e+00 2.626466e+00 1.821383e-02
1.914095e+00 2.696477e+00 1.869933e-02
1.915346e+00 2.769626e+00 1.920660e-02
1.916597e+00 2.846105e+00 1.973697e-02
1.917848e+00 2.926123e+00 2.029186e-02
1.919099e+00 3.009902e+00 2.087285e-02
1.920350e+00 3.097685e+00 2.148160e-02
1.921601e+00 3.189732e+00 2.211992e-02
1.922852e+00 3.286327e+00 2.278979e-02
1.924103e+00 3.387777e+00 2.349331e-02
1.925354e+00 3.494413e+00 2.423280e-02
1.926606e+00 3.606598e+00 2.501077e-02
1.927857e+00 3.724723e+00 2.582994e-02
1.929108e+00 3.849219e+00 2.669328e-02
1.930359e+00 3.980551e+00 2.760404e-02
1.931610e+00 4.119230e+00 2.856574e-02
1.932861e+00 4.265815e+00 2.958226e-02
1.934112e+00 4.420917e+00 3.065785e-02
1.935363e+00 4.585207e+00 3.179716e-02
1.936614e+00 4.759424e+00 3.300531e-02
1.937865e+00 4.944380e+00 3.428793e-02
1.939116e+00 5.140972e+00 3.565124e-02
1.940367e+00 5.350188e+00 3.710210e-02
1.941618e+00 5.573125e+00 3.864811e-02
1.942869e+00 5.810999e+00 4.029769e-02
1.944120e+00 6.065158e+00 4.206022e-02
1.945371e+00 6.337105e+00 4.394610e-02
1.946622e+00 6.628517e+00 4.596697e-02
1.947873e+00 6.941268e+00 4.813581e-02
1.949124e+00 7.277456e+00 5.046718e-02
1.950375e+00 7.639437e+00 5.297742e-02
1.951626e+00 8.029863e+00 5.568492e-02
1.952877e+00 8.451723e+00 5.861040e-02
1.954128e+00 8.908398e+00 6.177731e-02
1.955379e+00 9.403716e+00 6.521221e-02
1.956631e+00 9.942027e+00 6.894525e-02
1.957882e+00 1.052829e+01 7.301079e-02
1.959133e+00 1.116814e+01 7.744803e-02
1.960384e+00 1.186807e+01 8.230181e-02
1.961635e+00 1.263548e+01 8.762359e-02
1.962886e+00 1.347890e+01 9.347251e-02
1.964137e+00 1.440816e+01 9.991668e-02
1.965388e+00 1.543460e+01 1.070348e-01
1.966639e+00 1.657134e+01 1.149177e-01
1.967890e+00 1.783355e+01 1.236708e-01
1.969141e+00 1.923885e+01 1.334162e-01
1.970392e+00 2.080762e+01 1.442952e-01
1.971643e+00 2.256351e+01 1.564718e-01
1.972894e+00 2.453381e+01 1.701353e-01
1.974145e+00 2.674993e+01 1.855035e-01
1.975396e+00 2.924779e+01 2.028255e-01
1.976647e+00 3.206798e+01 2.223827e-01
1.977898e+00 3.525563e+01 2.444882e-01
1.979149e+00 3.885958e+01 2.694806e-01
1.980400e+00 4.293057e+01 2.977118e-01
1.981651e+00 4.751750e+01 3.295210e-01
1.982902e+00 5.266118e+01 3.651910e-01
1.984153e+00 5.838409e+01 4.048778e-01
1.985405e+00 6.467519e+01 4.485048e-01
1.986656e+00 7.146884e+01 4.956170e-01
1.987907e+00 7.861914e+01 5.452024e-01
1.989158e+00 8.587389e+01 5.955121e-01
1.990409e+00 9.285833e+01 6.439473e-01
1.991660e+00 9.908418e+01 6.871219e-01
1.992911e+00 1.039997e+02 7.212096e-01
1.994162e+00 1.070855e+02 7.426089e-01
1.995413e+00 1.079759e+02 7.487834e-01
1.996664e+00 1.065599e+02 7.389640e-01
1.997915e+00 1.030146e+02 7.143783e-01
1.999166e+00 9.775266e+01 6.778881e-01
2.000417e+00 9.131161e+01 6.332212e-01
2.001668e+00 8.423532e+01 5.841490e-01
2.002919e+00 7.698814e+01 5.338918e-01
2.004170e+00 6.991554e+01 4.848453e-01
2.005421e+00 6.324267e+01 4.385707e-01
2.006672e+00 5.709410e+01 3.959321e-01
2.007923e+00 5.152043e+01 3.572802e-01
2.009174e+00 4.652314e+01 3.226253e-01
2.010425e+00 4.207427e+01 2.917736e-01
2.011676e+00 3.813038e+01 2.644238e-01
2.012927e+00 3.464167e+01 2.402306e-01
2.014178e+00 3.155763e+01 2.188436e-01
2.015430e+00 2.883017e+01 1.999294e-01
2.016681e+00 2.641520e+01 1.831822e-01
2.017932e+00 2.427324e+01 1.683283e-01
2.019183e+00 2.236948e+01 1.551263e-01
2.020434e+00 2.067352e+01 1.433653e-01
2.021685e+00 1.915898e+01 1.328623e-01
2.022936e+00 1.780304e+01 1.234592e-01
2.024187e+00 1.658601e+01 1.150194e-01
2.025438e+00 1.549090e+01 1.074252e-01
2.026689e+00 1.450307e+01 1.005748e-01
2.027940e+00 1.360984e+01 9.438057e-02
2.029191e+00 1.280029e+01 8.876653e-02
2.030442e+00 1.206492e+01 8.366693e-02
2.031693e+00 1.139550e+01 7.902469e-02
2.032944e+00 1.078487e+01 7.479013e-02
2.034195e+00 1.022678e+01 7.091995e-02
2.035446e+00 9.715783e+00 6.737631e-02
2.036697e+00 9.247090e+00 6.412605e-02
2.037948e+00 8.816508e+00 6.114009e-02
2.039199e+00 8.420346e+00 5.839281e-02
2.040450e+00 8.055347e+00 5.586164e-02
2.041701e+00 7.718636e+00 5.352664e-02
2.042952e+00 7.407665e+00 5.137014e-02
2.044204e+00 7.120177e+00 4.937649e-02
2.045455e+00 6.854165e+00 4.753177e-02
2.046706e+00 6.607843e+00 4.582359e-02
2.047957e+00 6.379619e+00 4.424092e-02
2.049208e+00 6.168075e+00 4.277392e-02
2.050459e+00 5.971943e+00 4.141380e-02
2.051710e+00 5.790091e+00 4.015270e-02
2.052961e+00 5.621506e+00 3.898362e-02
2.054212e+00 5.465285e+00 3.790027e-02
2.055463e+00 5.320621e+00 3.689706e-02
2.056714e+00 5.186793e+00 3.596900e-02
2.057965e+00 5.063163e+00 3.511166e-02
2.059216e+00 4.949161e+00 3.432108e-02
2.060467e+00 4.844287e+00 3.359381e-02
2.061718e+00 4.748101e+00 3.292679e-02
2.062969e+00 4.660222e+00 3.231737e-02
2.064220e+00 4.580322e+00 3.176329e-02
2.065471e+00 4.508125e+00 3.126262e-02
2.066722e+00 4.443405e+00 3.081380e-02
2.067973e+00 4.385983e+00 3.041560e-02
2.069224e+00 4.335731e+00 3.006711e-02
2.070475e+00 4.292566e+00 2.976778e-02
2.071726e+00 4.256454e+00 2.951735e-02
2.072977e+00 4.227414e+00 2.931597e-02
2.074229e+00 4.205515e+00 2.916411e-02
2.075480e+00 4.190884e+00 2.906264e-02
2.076731e+00 4.183705e+00 2.901286e-02
2.077982e+00 4.184233e+00 2.901652e-02
2.079233e+00 4.192790e+00 2.907586e-02
2.080484e+00 4.209784e+00 2.919371e-02
2.081735e+00 4.235709e+00 2.937349e-02
2.082986e+00 4.271166e+00 2.961937e-02
2.084237e+00 4.316870e+00 2.993632e-02
2.085488e+00 4.373674e+00 3.033024e-02
2.086739e+00 4.442584e+00 3.080811e-02
2.087990e+00 4.524786e+00 3.137816e-02
2.089241e+00 4.621673e+00 3.205004e-02
2.090492e+00 4.734879e+00 3.283510e-02
2.091743e+00 4.866317e+00 3.374658e-02
2.092994e+00 5.018214e+00 3.479995e-02
2.094245e+00 5.193166e+00 3.601320e-02
2.095496e+00 5.394175e+00 3.740714e-02
2.096747e+00 5.624691e+00 3.900570e-02
2.097998e+00 5.888642e+00 4.083613e-02
2.099249e+00 6.190432e+00 4.292896e-02
2.100500e+00 6.534883e+00 4.531764e-02
2.101751e+00 6.927092e+00 4.803750e-02
2.103003e+00 7.372127e+00 5.112369e-02
2.104254e+00 7.874495e+00 5.460748e-02
2.105505e+00 8.437256e+00 5.851007e-02
2.106756e+00 9.060669e+00 6.283328e-02
2.108007e+00 9.740272e+00 6.754614e-02
2.109258e+00 1.046442e+01 7.256792e-02
2.110509e+00 1.121161e+01 7.774949e-02
2.111760e+00 1.194839e+01 8.285884e-02
2.113011e+00 1.262924e+01 8.758038e-02
2.114262e+00 1.320018e+01 9.153969e-02
2.115513e+00 1.360696e+01 9.436060e-02
2.116764e+00 1.380684e+01 9.574669e-02
2.118015e+00 1.377997e+01 9.556036e-02
2.119266e+00 1.353534e+01 9.386390e-02
2.120517e+00 1.310817e+01 9.090160e-02
2.121768e+00 1.255020e+01 8.703224e-02
2.123019e+00 1.191748e+01 8.264448e-02
2.124270e+00 1.126041e+01 7.808785e-02
2.125521e+00 1.061830e+01 7.363505e-02
2.126772e+00 1.001823e+01 6.947371e-02
2.128023e+00 9.476460e+00 6.571667e-02
2.129274e+00 9.001059e+00 6.241990e-02
2.130525e+00 8.594511e+00 5.960059e-02
2.131776e+00 8.255860e+00 5.725214e-02
2.133028e+00 7.982289e+00 5.535500e-02
2.134279e+00 7.770160e+00 5.388395e-02
2.135530e+00 7.615658e+00 5.281252e-02
2.136781e+00 7.515165e+00 5.211562e-02
2.138032e+00 7.465470e+00 5.177100e-02
2.139283e+00 7.463937e+00 5.176037e-02
2.140534e+00 7.508688e+00 5.207071e-02
2.141785e+00 7.598841e+00 5.269590e-02
2.143036e+00 7.734772e+00 5.363854e-02
2.144287e+00 7.918310e+00 5.491132e-02
2.145538e+00 8.152781e+00 5.653732e-02
2.146789e+00 8.442864e+00 5.854896e-02
2.148040e+00 8.794298e+00 6.098606e-02
2.149291e+00 9.213512e+00 6.389320e-02
2.150542e+00 9.707171e+00 6.731659e-02
2.151793e+00 1.028158e+01 7.129997e-02
2.153044e+00 1.094180e+01 7.587837e-02
2.154295e+00 1.169023e+01 8.106854e-02
2.155546e+00 1.252461e+01 8.685475e-02
2.156797e+00 1.343518e+01 9.316931e-02
2.158048e+00 1.440129e+01 9.986900e-02
2.159299e+00 1.538805e+01 1.067120e-01
2.160550e+00 1.634451e+01 1.133448e-01
2.161802e+00 1.720534e+01 1.193144e-01
2.163053e+00 1.789813e+01 1.241187e-01
2.164304e+00 1.835657e+01 1.272978e-01
2.165555e+00 1.853643e+01 1.285451e-01
2.166806e+00 1.842813e+01 1.277941e-01
2.168057e+00 1.805985e+01 1.252402e-01
2.169308e+00 1.748958e+01 1.212855e-01
2.170559e+00 1.679019e+01 1.164354e-01
2.171810e+00 1.603430e+01 1.111935e-01
2.173061e+00 1.528369e+01 1.059882e-01
2.174312e+00 1.458486e+01 1.011420e-01
2.175563e+00 1.396924e+01 9.687290e-02
2.176814e+00 1.345598e+01 9.331354e-02
2.178065e+00 1.305544e+01 9.053595e-02
2.179316e+00 1.277253e+01 8.857402e-02
2.180567e+00 1.260921e+01 8.744145e-02
2.181818e+00 1.256640e+01 8.714458e-02
2.183069e+00 1.264517e+01 8.769079e-02
2.184320e+00 1.284745e+01 8.909354e-02
2.185571e+00 1.317635e+01 9.137441e-02
2.186822e+00 1.363612e+01 9.456277e-02
2.188073e+00 1.423163e+01 9.869249e-02
2.189324e+00 1.496745e+01 1.037952e-01
2.190575e+00 1.584616e+01 1.098888e-01
2.191827e+00 1.686579e+01 1.169597e-01
2.193078e+00 1.801614e+01 1.249371e-01
2.194329e+00 1.927410e+01 1.336606e-01
2.195580e+00 2.059830e+01 1.428436e-01
2.196831e+00 2.192485e+01 1.520429e-01
2.198082e+00 2.316650e+01 1.606534e-01
2.199333e+00 2.421860e+01 1.679494e-01
2.200584e+00 2.497413e+01 1.731888e-01
2.201835e+00 2.534601e+01 1.757677e-01
2.203086e+00 2.528977e+01 1.753777e-01
2.204337e+00 2.481659e+01 1.720963e-01
2.205588e+00 2.398996e+01 1.663638e-01
2.206839e+00 2.290777e+01 1.588592e-01
2.208090e+00 2.167838e+01 1.503337e-01
2.209341e+00 2.040007e+01 1.414689e-01
2.210592e+00 1.914901e+01 1.327932e-01
2.211843e+00 1.797556e+01 1.246556e-01
2.213094e+00 1.690605e+01 1.172389e-01
2.214345e+00 1.594734e+01 1.105905e-01
2.215596e+00 1.509198e+01 1.046588e-01
2.216847e+00 1.432365e+01 9.933063e-02
2.218098e+00 1.362252e+01 9.446845e-02
2.219349e+00 1.297026e+01 8.994524e-02
2.220601e+00 1.235400e+01 8.567161e-02
2.221852e+00 1.176806e+01 8.160833e-02
2.223103e+00 1.121344e+01 7.776218e-02
2.224354e+00 1.069541e+01 7.416973e-02
2.225605e+00 1.022071e+01 7.087788e-02
2.226856e+00 9.795459e+00 6.792884e-02
2.228107e+00 9.423945e+00 6.535250e-02
2.229358e+00 9.108530e+00 6.316518e-02
2.230609e+00 8.849998e+00 6.137233e-02
2.231860e+00 8.648138e+00 5.997248e-02
2.233111e+00 8.502316e+00 5.896125e-02
2.234362e+00 8.411928e+00 5.833443e-02
2.235613e+00 8.376725e+00 5.809031e-02
2.236864e+00 8.397022e+00 5.823107e-02
2.238115e+00 8.473802e+00 5.876351e-02
2.239366e+00 8.608722e+00 5.969914e-02
2.240617e+00 8.804021e+00 6.105349e-02
2.241868e+00 9.062278e+00 6.284443e-02
2.243119e+00 9.385972e+00 6.508916e-02
2.244370e+00 9.776757e+00 6.779915e-02
2.245621e+00 1.023434e+01 7.097235e-02
2.246872e+00 1.075486e+01 7.458202e-02
2.248123e+00 1.132878e+01 7.856204e-02
2.249374e+00 1.193850e+01 8.279023e-02
2.250626e+00 1.255619e+01 8.707375e-02
2.251877e+00 1.314319e+01 9.114446e-02
2.253128e+00 1.365225e+01 9.467466e-02
2.254379e+00 1.403386e+01 9.732103e-02
2.255630e+00 1.424623e+01 9.879373e-02
2.256881e+00 1.426591e+01 9.893020e-02
2.258132e+00 1.409462e+01 9.774239e-02
2.259383e+00 1.375876e+01 9.541328e-02
2.260634e+00 1.330183e+01 9.224458e-02
2.261885e+00 1.277352e+01 8.858088e-02
2.263136e+00 1.221989e+01 8.474162e-02
2.264387e+00 1.167729e+01 8.097886e-02
2.265638e+00 1.117027e+01 7.746278e-02
2.266889e+00 1.071226e+01 7.428664e-02
2.268140e+00 1.030780e+01 7.148176e-02
2.269391e+00 9.955133e+00 6.903614e-02
2.270642e+00 9.649028e+00 6.691339e-02
2.271893e+00 9.383234e+00 6.507017e-02
2.273144e+00 9.152514e+00 6.347020e-02
2.274395e+00 8.953825e+00 6.209234e-02
2.275646e+00 8.786509e+00 6.093205e-02
2.276897e+00 8.651718e+00 5.999731e-02
2.278148e+00 8.551510e+00 5.930239e-02
2.279399e+00 8.488072e+00 5.886247e-02
2.280651e+00 8.463276e+00 5.869051e-02
2.281902e+00 8.478578e+00 5.879663e-02
2.283153e+00 8.535140e+00 5.918887e-02
2.284404e+00 8.634040e+00 5.987472e-02
2.285655e+00 8.776508e+00 6.086269e-02
2.286906e+00 8.964122e+00 6.216375e-02
2.288157e+00 9.198984e+00 6.379245e-02
2.289408e+00 9.483856e+00 6.576796e-02
2.290659e+00 9.822292e+00 6.811492e-02
2.291910e+00 1.021876e+01 7.086429e-02
2.293161e+00 1.067875e+01 7.405420e-02
2.294412e+00 1.120894e+01 7.773094e-02
2.295663e+00 1.181732e+01 8.194991e-02
2.296914e+00 1.251336e+01 8.677673e-02
2.298165e+00 1.330813e+01 9.228825e-02
2.299416e+00 1.421446e+01 9.857342e-02
2.300667e+00 1.524699e+01 1.057337e-01
2.301918e+00 1.642207e+01 1.138826e-01
2.303169e+00 1.775748e+01 1.231433e-01
2.304420e+00 1.927173e+01 1.336442e-01
2.305671e+00 2.098262e+01 1.455088e-01
2.306922e+00 2.290497e+01 1.588397e-01
2.308173e+00 2.504677e+01 1.736926e-01
2.309425e+00 2.740363e+01 1.900367e-01
2.310676e+00 2.995105e+01 2.077024e-01
2.311927e+00 3.263524e+01 2.263165e-01
2.313178e+00 3.536395e+01 2.452394e-01
2.314429e+00 3.800140e+01 2.635294e-01
2.315680e+00 4.037270e+01 2.799737e-01
2.316931e+00 4.228341e+01 2.932239e-01
2.318182e+00 4.355513e+01 3.020430e-01
2.319433e+00 4.406888e+01 3.056057e-01
2.320684e+00 4.379948e+01 3.037375e-01
2.321935e+00 4.282426e+01 2.969746e-01
2.323186e+00 4.130153e+01 2.864149e-01
2.324437e+00 3.942960e+01 2.734336e-01
2.325688e+00 3.740451e+01 2.593901e-01
2.326939e+00 3.538995e+01 2.454197e-01
2.328190e+00 3.350328e+01 2.323361e-01
2.329441e+00 3.181398e+01 2.206213e-01
2.330692e+00 3.034871e+01 2.104601e-01
2.331943e+00 2.909843e+01 2.017897e-01
2.333194e+00 2.802586e+01 1.943517e-01
2.334445e+00 2.707366e+01 1.877485e-01
2.335696e+00 2.617455e+01 1.815134e-01
2.336947e+00 2.526394e+01 1.751985e-01
2.338198e+00 2.429322e+01 1.684669e-01
2.339450e+00 2.323964e+01 1.611606e-01
2.340701e+00 2.210863e+01 1.533173e-01
2.341952e+00 2.092812e+01 1.451308e-01
2.343203e+00 1.973765e+01 1.368752e-01
2.344454e+00 1.857744e+01 1.288295e-01
2.345705e+00 1.748071e+01 1.212240e-01
2.346956e+00 1.647037e+01 1.142175e-01
2.348207e+00 1.555892e+01 1.078969e-01
2.349458e+00 1.475017e+01 1.022884e-01
2.350709e+00 1.404146e+01 9.737373e-02
2.351960e+00 1.342572e+01 9.310373e-02
2.353211e+00 1.289324e+01 8.941110e-02
2.354462e+00 1.243307e+01 8.621997e-02
2.355713e+00 1.203420e+01 8.345390e-02
2.356964e+00 1.168639e+01 8.104196e-02
2.358215e+00 1.138086e+01 7.892318e-02
2.359466e+00 1.111079e+01 7.705029e-02
2.360717e+00 1.087179e+01 7.539289e-02
2.361968e+00 1.066219e+01 7.393939e-02
2.363219e+00 1.048297e+01 7.269654e-02
2.364470e+00 1.033718e+01 7.168550e-02
2.365721e+00 1.022910e+01 7.093601e-02
2.366972e+00 1.016343e+01 7.048063e-02
2.368224e+00 1.014473e+01 7.035093e-02
2.369475e+00 1.017721e+01 7.057617e-02
2.370726e+00 1.026482e+01 7.118377e-02
2.371977e+00 1.041146e+01 7.220066e-02
2.373228e+00 1.062113e+01 7.365462e-02
2.374479e+00 1.089804e+01 7.557494e-02
2.375730e+00 1.124656e+01 7.799184e-02
2.376981e+00 1.167087e+01 8.093433e-02
2.378232e+00 1.217431e+01 8.442555e-02
2.379483e+00 1.275826e+01 8.847508e-02
2.380734e+00 1.342045e+01 9.306720e-02
2.381985e+00 1.415266e+01 9.814484e-02
2.383236e+00 1.493789e+01 1.035902e-01
2.384487e+00 1.574764e+01 1.092056e-01
2.385738e+00 1.654028e+01 1.147023e-01
2.386989e+00 1.726220e+01 1.197087e-01
2.388240e+00 1.785325e+01 1.238074e-01
2.389491e+00 1.825672e+01 1.266054e-01
2.390742e+00 1.843177e+01 1.278193e-01
2.391993e+00 1.836383e+01 1.273482e-01
2.393244e+00 1.806842e+01 1.252996e-01
2.394495e+00 1.758685e+01 1.219600e-01
2.395746e+00 1.697567e+01 1.177216e-01
2.396997e+00 1.629465e+01 1.129989e-01
2.398249e+00 1.559715e+01 1.081620e-01
2.399500e+00 1.492488e+01 1.035000e-01
2.400751e+00 1.430668e+01 9.921297e-02
2.402002e+00 1.376009e+01 9.542249e-02
2.403253e+00 1.329391e+01 9.218964e-02
2.404504e+00 1.291099e+01 8.953422e-02
2.405755e+00 1.261055e+01 8.745074e-02
2.407006e+00 1.238987e+01 8.592041e-02
2.408257e+00 1.224552e+01 8.491936e-02
2.409508e+00 1.217409e+01 8.442400e-02
2.410759e+00 1.217268e+01 8.441421e-02
2.412010e+00 1.223917e+01 8.487529e-02
2.413261e+00 1.237238e+01 8.579908e-02
2.414512e+00 1.257217e+01 8.718455e-02
2.415763e+00 1.283948e+01 8.903828e-02
2.417014e+00 1.317641e+01 9.137485e-02
2.418265e+00 1.358630e+01 9.421732e-02
2.419516e+00 1.407377e+01 9.759775e-02
2.420767e+00 1.464484e+01 1.015580e-01
2.422018e+00 1.530710e+01 1.061506e-01
2.423269e+00 1.606981e+01 1.114398e-01
2.424520e+00 1.694414e+01 1.175030e-01
2.425771e+00 1.794331e+01 1.244320e-01
2.427023e+00 1.908281e+01 1.323341e-01
2.428274e+00 2.038055e+01 1.413335e-01
2.429525e+00 2.185685e+01 1.515713e-01
2.430776e+00 2.353436e+01 1.632044e-01
2.432027e+00 2.543748e+01 1.764020e-01
2.433278e+00 2.759123e+01 1.913377e-01
2.434529e+00 3.001917e+01 2.081748e-01
2.435780e+00 3.273990e+01 2.270423e-01
2.437031e+00 3.576154e+01 2.479966e-01
2.438282e+00 3.907383e+01 2.709664e-01
2.439533e+00 4.263772e+01 2.956810e-01
2.440784e+00 4.637369e+01 3.215889e-01
2.442035e+00 5.015175e+01 3.477887e-01
2.443286e+00 5.378901e+01 3.730121e-01
2.444537e+00 5.706207e+01 3.957100e-01
2.445788e+00 5.973956e+01 4.142776e-01
2.447039e+00 6.163159e+01 4.273983e-01
2.448290e+00 6.264091e+01 4.343977e-01
2.449541e+00 6.279294e+01 4.354519e-01
2.450792e+00 6.222833e+01 4.315365e-01
2.452043e+00 6.116050e+01 4.241315e-01
2.453294e+00 5.981683e+01 4.148134e-01
2.454545e+00 5.838573e+01 4.048892e-01
2.455796e+00 5.698311e+01 3.951624e-01
2.457048e+00 5.564089e+01 3.858545e-01
2.458299e+00 5.431540e+01 3.766626e-01
2.459550e+00 5.291176e+01 3.669287e-01
2.460801e+00 5.131974e+01 3.558885e-01
2.462052e+00 4.945275e+01 3.429414e-01
2.463303e+00 4.727775e+01 3.278584e-01
2.464554e+00 4.482542e+01 3.108521e-01
2.465805e+00 4.217826e+01 2.924948e-01
2.467056e+00 3.944492e+01 2.735398e-01
2.468307e+00 3.673336e+01 2.547359e-01
2.469558e+00 3.413209e+01 2.366967e-01
2.470809e+00 3.170214e+01 2.198457e-01
2.472060e+00 2.947754e+01 2.044188e-01
2.473311e+00 2.747027e+01 1.904989e-01
2.474562e+00 2.567678e+01 1.780615e-01
2.475813e+00 2.408410e+01 1.670167e-01
2.477064e+00 2.267484e+01 1.572439e-01
2.478315e+00 2.143067e+01 1.486159e-01
2.479566e+00 2.033436e+01 1.410133e-01
2.480817e+00 1.937067e+01 1.343304e-01
2.482068e+00 1.852654e+01 1.284765e-01
2.483319e+00 1.779097e+01 1.233755e-01
2.484570e+00 1.715494e+01 1.189649e-01
2.485822e+00 1.661121e+01 1.151943e-01
2.487073e+00 1.615400e+01 1.120236e-01
2.488324e+00 1.577857e+01 1.094201e-01
2.489575e+00 1.548080e+01 1.073551e-01
2.490826e+00 1.525680e+01 1.058018e-01
2.492077e+00 1.510277e+01 1.047336e-01
2.493328e+00 1.501499e+01 1.041249e-01
2.494579e+00 1.499019e+01 1.039529e-01
2.495830e+00 1.502606e+01 1.042016e-01
2.497081e+00 1.512200e+01 1.048670e-01
2.498332e+00 1.527973e+01 1.059607e-01
2.499583e+00 1.550351e+01 1.075127e-01
2.500834e+00 1.580004e+01 1.095690e-01
2.502085e+00 1.617784e+01 1.121889e-01
2.503336e+00 1.664662e+01 1.154398e-01
2.504587e+00 1.721665e+01 1.193928e-01
2.505838e+00 1.789810e+01 1.241184e-01
2.507089e+00 1.870027e+01 1.296813e-01
2.508340e+00 1.963042e+01 1.361316e-01
2.509591e+00 2.069188e+01 1.434925e-01
2.510842e+00 2.188116e+01 1.517399e-01
2.512093e+00 2.318412e+01 1.607756e-01
2.513344e+00 2.457122e+01 1.703948e-01
2.514595e+00 2.599307e+01 1.802549e-01
2.515847e+00 2.737798e+01 1.898589e-01
2.517098e+00 2.863454e+01 1.985728e-01
2.518349e+00 2.966160e+01 2.056951e-01
2.519600e+00 3.036594e+01 2.105796e-01
2.520851e+00 3.068363e+01 2.127826e-01
2.522102e+00 3.059709e+01 2.121825e-01
2.523353e+00 3.014032e+01 2.090149e-01
2.524604e+00 2.938965e+01 2.038092e-01
2.525855e+00 2.844459e+01 1.972555e-01
2.527106e+00 2.740704e+01 1.900604e-01
2.528357e+00 2.636571e+01 1.828390e-01
2.529608e+00 2.538849e+01 1.760623e-01
2.530859e+00 2.452167e+01 1.700511e-01
2.532110e+00 2.379324e+01 1.649996e-01
2.533361e+00 2.321763e+01 1.610080e-01
2.534612e+00 2.280044e+01 1.581149e-01
2.535863e+00 2.254217e+01 1.563238e-01
2.537114e+00 2.244105e+01 1.556226e-01
2.538365e+00 2.249493e+01 1.559962e-01
2.539616e+00 2.270256e+01 1.574361e-01
2.540867e+00 2.306437e+01 1.599452e-01
2.542118e+00 2.358304e+01 1.635420e-01
2.543369e+00 2.426383e+01 1.682631e-01
2.544621e+00 2.511491e+01 1.741651e-01
2.545872e+00 2.614762e+01 1.813266e-01
2.547123e+00 2.737671e+01 1.898501e-01
2.548374e+00 2.882063e+01 1.998632e-01
2.549625e+00 3.050171e+01 2.115210e-01
2.550876e+00 3.244630e+01 2.250063e-01
2.552127e+00 3.468475e+01 2.405293e-01
2.553378e+00 3.725091e+01 2.583249e-01
2.554629e+00 4.018108e+01 2.786449e-01
2.555880e+00 4.351189e+01 3.017431e-01
2.557131e+00 4.727657e+01 3.278502e-01
2.558382e+00 5.149894e+01 3.571312e-01
2.559633e+00 5.618444e+01 3.896238e-01
2.560884e+00 6.130789e+01 4.251535e-01
2.562135e+00 6.679871e+01 4.632309e-01
2.563386e+00 7.252639e+01 5.029508e-01
2.564637e+00 7.829167e+01 5.429314e-01
2.565888e+00 8.383142e+01 5.813481e-01
2.567139e+00 8.884351e+01 6.161056e-01
2.568390e+00 9.303062e+01 6.451420e-01
2.569641e+00 9.614962e+01 6.667715e-01
2.570892e+00 9.804521e+01 6.799168e-01
2.572143e+00 9.865378e+01 6.841371e-01
2.573394e+00 9.798356e+01 6.794894e-01
2.574646e+00 9.609306e+01 6.663793e-01
2.575897e+00 9.308580e+01 6.455247e-01
2.577148e+00 8.911913e+01 6.180170e-01
2.578399e+00 8.440894e+01 5.853531e-01
2.579650e+00 7.921487e+01 5.493336e-01
2.580901e+00 7.380748e+01 5.118348e-01
2.582152e+00 6.843190e+01 4.745566e-01
2.583403e+00 6.328215e+01 4.388445e-01
2.584654e+00 5.849202e+01 4.056263e-01
2.585905e+00 5.413945e+01 3.754424e-01
2.587156e+00 5.025811e+01 3.485263e-01
2.588407e+00 4.685072e+01 3.248970e-01
2.589658e+00 4.390077e+01 3.044399e-01
2.590909e+00 4.138141e+01 2.869688e-01
2.592160e+00 3.926137e+01 2.722669e-01
2.593411e+00 3.750853e+01 2.601114e-01
2.594662e+00 3.609149e+01 2.502847e-01
2.595913e+00 3.497977e+01 2.425752e-01
2.597164e+00 3.414278e+01 2.367709e-01
2.598415e+00 3.354816e+01 2.326474e-01
2.599666e+00 3.315964e+01 2.299531e-01
2.600917e+00 3.293544e+01 2.283983e-01
2.602168e+00 3.282809e+01 2.276539e-01
2.603420e+00 3.278697e+01 2.273687e-01
2.604671e+00 3.276397e+01 2.272092e-01
2.605922e+00 3.272164e+01 2.269157e-01
2.607173e+00 3.264098e+01 2.263563e-01
2.608424e+00 3.252548e+01 2.255553e-01
2.609675e+00 3.239917e+01 2.246794e-01
2.610926e+00 3.229915e+01 2.239858e-01
2.612177e+00 3.226550e+01 2.237525e-01
2.613428e+00 3.233198e+01 2.242135e-01
2.614679e+00 3.251948e+01 2.255138e-01
2.615930e+00 3.283293e+01 2.276874e-01
2.617181e+00 3.326126e+01 2.306578e-01
2.618432e+00 3.378059e+01 2.342592e-01
2.619683e+00 3.436064e+01 2.382817e-01
2.620934e+00 3.497377e+01 2.425336e-01
2.622185e+00 3.560433e+01 2.469063e-01
2.623436e+00 3.625478e+01 2.514170e-01
2.624687e+00 3.694544e+01 2.562066e-01
2.625938e+00 3.770770e+01 2.614926e-01
2.627189e+00 3.857355e+01 2.674971e-01
2.628440e+00 3.956556e+01 2.743764e-01
2.629691e+00 4.069007e+01 2.821746e-01
2.630942e+00 4.193446e+01 2.908040e-01
2.632193e+00 4.326703e+01 3.000451e-01
2.633445e+00 4.463788e+01 3.095516e-01
2.634696e+00 4.597925e+01 3.188536e-01
2.635947e+00 4.720716e+01 3.273688e-01
2.637198e+00 4.822799e+01 3.344480e-01
2.638449e+00 4.895347e+01 3.394790e-01
2.639700e+00 4.932279e+01 3.420401e-01
2.640951e+00 4.932353e+01 3.420453e-01
2.642202e+00 4.900110e+01 3.398093e-01
2.643453e+00 4.845094e+01 3.359941e-01
2.644704e+00 4.779752e+01 3.314628e-01
2.645955e+00 4.717016e+01 3.271123e-01
2.647206e+00 4.668467e+01 3.237455e-01
2.648457e+00 4.643458e+01 3.220112e-01
2.649708e+00 4.649068e+01 3.224002e-01
2.650959e+00 4.690545e+01 3.252765e-01
2.652210e+00 4.771917e+01 3.309195e-01
2.653461e+00 4.896576e+01 3.395642e-01
2.654712e+00 5.067728e+01 3.514331e-01
2.655963e+00 5.288688e+01 3.667561e-01
2.657214e+00 5.563006e+01 3.857793e-01
2.658465e+00 5.894400e+01 4.087606e-01
2.659716e+00 6.286461e+01 4.359490e-01
2.660967e+00 6.742061e+01 4.675436e-01
2.662219e+00 7.262371e+01 5.036257e-01
2.663470e+00 7.845377e+01 5.440555e-01
2.664721e+00 8.483878e+01 5.883339e-01
2.665972e+00 9.163073e+01 6.354342e-01
2.667223e+00 9.858205e+01 6.836397e-01
2.668474e+00 1.053320e+02 7.304486e-01
2.669725e+00 1.114165e+02 7.726428e-01
2.670976e+00 1.163145e+02 8.066094e-01
2.672227e+00 1.195332e+02 8.289304e-01
2.673478e+00 1.207142e+02 8.371203e-01
2.674729e+00 1.197244e+02 8.302561e-01
2.675980e+00 1.166923e+02 8.092297e-01
2.677231e+00 1.119732e+02 7.765039e-01
2.678482e+00 1.060584e+02 7.354858e-01
2.679733e+00 9.946847e+01 6.897868e-01
2.680984e+00 9.266786e+01 6.426264e-01
2.682235e+00 8.601734e+01 5.965069e-01
2.683486e+00 7.976399e+01 5.531416e-01
2.684737e+00 7.405464e+01 5.135488e-01
2.685988e+00 6.895945e+01 4.782151e-01
2.687239e+00 6.449614e+01 4.472632e-01
2.688490e+00 6.065014e+01 4.205922e-01
2.689741e+00 5.738965e+01 3.979816e-01
2.690992e+00 5.467573e+01 3.791613e-01
2.692244e+00 5.246887e+01 3.638574e-01
2.693495e+00 5.073283e+01 3.518184e-01
2.694746e+00 4.943682e+01 3.428309e-01
2.695997e+00 4.855661e+01 3.367269e-01
2.697248e+00 4.807503e+01 3.333872e-01
2.698499e+00 4.798214e+01 3.327431e-01
2.699750e+00 4.827515e+01 3.347750e-01
2.701001e+00 4.895827e+01 3.395123e-01
2.702252e+00 5.004238e+01 3.470303e-01
2.703503e+00 5.154437e+01 3.574462e-01
2.704754e+00 5.348611e+01 3.709117e-01
2.706005e+00 5.589253e+01 3.875995e-01
2.707256e+00 5.878842e+01 4.076817e-01
2.708507e+00 6.219339e+01 4.312942e-01
2.709758e+00 6.611413e+01 4.584835e-01
2.711009e+00 7.053364e+01 4.891316e-01
2.712260e+00 7.539743e+01 5.228607e-01
2.713511e+00 8.059831e+01 5.589274e-01
2.714762e+00 8.596376e+01 5.961353e-01
2.716013e+00 9.125194e+01 6.328074e-01
2.717264e+00 9.616360e+01 6.668684e-01
2.718515e+00 1.003731e+02 6.960600e-01
2.719766e+00 1.035745e+02 7.182610e-01
2.721018e+00 1.055314e+02 7.318316e-01
2.722269e+00 1.061160e+02 7.358854e-01
2.723520e+00 1.053291e+02 7.304290e-01
2.724771e+00 1.032987e+02 7.163484e-01
2.726022e+00 1.002567e+02 6.952533e-01
2.727273e+00 9.650163e+01 6.692126e-01
2.728524e+00 9.235357e+01 6.404469e-01
2.729775e+00 8.811468e+01 6.110513e-01
2.731026e+00 8.404139e+01 5.828042e-01
2.732277e+00 8.033160e+01 5.570778e-01
2.733528e+00 7.712449e+01 5.348374e-01
2.734779e+00 7.450848e+01 5.166961e-01
2.736030e+00 7.253272e+01 5.029947e-01
2.737281e+00 7.121857e+01 4.938814e-01
2.738532e+00 7.056931e+01 4.893790e-01
2.739783e+00 7.057735e+01 4.894347e-01
2.741034e+00 7.122930e+01 4.939558e-01
2.742285e+00 7.250940e+01 5.028330e-01
2.743536e+00 7.440150e+01 5.159541e-01
2.744787e+00 7.688908e+01 5.332049e-01
2.746038e+00 7.995257e+01 5.544493e-01
2.747289e+00 8.356224e+01 5.794814e-01
2.748540e+00 8.766568e+01 6.079377e-01
2.749791e+00 9.216911e+01 6.391677e-01
2.751043e+00 9.691467e+01 6.720768e-01
2.752294e+00 1.016602e+02 7.049857e-01
2.753545e+00 1.060733e+02 7.355893e-01
2.754796e+00 1.097534e+02 7.611102e-01
2.756047e+00 1.122899e+02 7.787002e-01
2.757298e+00 1.133476e+02 7.860347e-01
2.758549e+00 1.127525e+02 7.819077e-01
2.759800e+00 1.105409e+02 7.665708e-01
2.761051e+00 1.069482e+02 7.416565e-01
2.762302e+00 1.023448e+02 7.097335e-01
2.763553e+00 9.714968e+01 6.737066e-01
2.764804e+00 9.175477e+01 6.362944e-01
2.766055e+00 8.647931e+01 5.997105e-01
2.767306e+00 8.155428e+01 5.655568e-01
2.768557e+00 7.712843e+01 5.348647e-01
2.769808e+00 7.328482e+01 5.082103e-01
2.771059e+00 7.006013e+01 4.858479e-01
2.772310e+00 6.746178e+01 4.678291e-01
2.773561e+00 6.548153e+01 4.540966e-01
2.774812e+00 6.410520e+01 4.445521e-01
2.776063e+00 6.331920e+01 4.391014e-01
2.777314e+00 6.311475e+01 4.376836e-01
2.778565e+00 6.349039e+01 4.402886e-01
2.779817e+00 6.445337e+01 4.469666e-01
2.781068e+00 6.602018e+01 4.578320e-01
2.782319e+00 6.821625e+01 4.730612e-01
2.783570e+00 7.107484e+01 4.928847e-01
2.784821e+00 7.463437e+01 5.175691e-01
2.786072e+00 7.893389e+01 5.473851e-01
2.787323e+00 8.400525e+01 5.825536e-01
2.788574e+00 8.986094e+01 6.231612e-01
2.789825e+00 9.647612e+01 6.690356e-01
2.791076e+00 1.037642e+02 7.195762e-01
2.792327e+00 1.115470e+02 7.735481e-01
2.793578e+00 1.195258e+02 8.288787e-01
2.794829e+00 1.272633e+02 8.825364e-01
2.796080e+00 1.341960e+02 9.306126e-01
2.797331e+00 1.396927e+02 9.687308e-01
2.798582e+00 1.431645e+02 9.928071e-01
2.799833e+00 1.442018e+02 1.000000e+00
2.801084e+00 1.426863e+02 9.894905e-01
2.802335e+00 1.388271e+02 9.627282e-01
2.803586e+00 1.331006e+02 9.230162e-01
2.804837e+00 1.261253e+02 8.746449e-01
2.806088e+00 1.185289e+02 8.219656e-01
2.807339e+00 1.108504e+02 7.687173e-01
2.808590e+00 1.034958e+02 7.177153e-01
2.809842e+00 9.673596e+01 6.708376e-01
2.811093e+00 9.072870e+01 6.291789e-01
2.812344e+00 8.554921e+01 5.932605e-01
2.813595e+00 8.121831e+01 5.632269e-01
2.814846e+00 7.772479e+01 5.390003e-01
2.816097e+00 7.504070e+01 5.203869e-01
2.817348e+00 7.313051e+01 5.071402e-01
2.818599e+00 7.195475e+01 4.989866e-01
2.819850e+00 7.146918e+01 4.956193e-01
2.821101e+00 7.161997e+01 4.966650e-01
2.822352e+00 7.233544e+01 5.016266e-01
2.823603e+00 7.351574e+01 5.098116e-01
2.824854e+00 7.502279e+01 5.202627e-01
2.826105e+00 7.667548e+01 5.317236e-01
2.827356e+00 7.825627e+01 5.426860e-01
2.828607e+00 7.953521e+01 5.515551e-01
2.829858e+00 8.031097e+01 5.569347e-01
2.831109e+00 8.045803e+01 5.579546e-01
2.832360e+00 7.996069e+01 5.545056e-01
2.833611e+00 7.891661e+01 5.472652e-01
2.834862e+00 7.750757e+01 5.374939e-01
2.836113e+00 7.595147e+01 5.267028e-01
2.837364e+00 7.445606e+01 5.163325e-01
2.838616e+00 7.318840e+01 5.075416e-01
2.839867e+00 7.226384e+01 5.011301e-01
2.841118e+00 7.175059e+01 4.975708e-01
2.842369e+00 7.168354e+01 4.971059e-01
2.843620e+00 7.208104e+01 4.998624e-01
2.844871e+00 7.295882e+01 5.059496e-01
2.846122e+00 7.433662e+01 5.155043e-01
2.847373e+00 7.623504e+01 5.286693e-01
2.848624e+00 7.866267e+01 5.455042e-01
2.849875e+00 8.159603e+01 5.658463e-01
2.851126e+00 8.495590e+01 5.891461e-01
2.852377e+00 8.858454e+01 6.143097e-01
2.853628e+00 9.223068e+01 6.395947e-01
2.854879e+00 9.555229e+01 6.626291e-01
2.856130e+00 9.814819e+01 6.806310e-01
2.857381e+00 9.962344e+01 6.908614e-01
2.858632e+00 9.967717e+01 6.912340e-01
2.859883e+00 9.818248e+01 6.808688e-01
2.861134e+00 9.522202e+01 6.603388e-01
2.862385e+00 9.106132e+01 6.314855e-01
2.863636e+00 8.607400e+01 5.968998e-01
2.864887e+00 8.065430e+01 5.593156e-01
2.866138e+00 7.514917e+01 5.211390e-01
2.867389e+00 6.982370e+01 4.842084e-01
2.868641e+00 6.485577e+01 4.497571e-01
2.869892e+00 6.034836e+01 4.184995e-01
2.871143e+00 5.634836e+01 3.907606e-01
2.872394e+00 5.286494e+01 3.666040e-01
2.873645e+00 4.988423e+01 3.459336e-01
2.874896e+00 4.737983e+01 3.285663e-01
2.876147e+00 4.531966e+01 3.142795e-01
2.877398e+00 4.367017e+01 3.028407e-01
2.878649e+00 4.239894e+01 2.940251e-01
2.879900e+00 4.147624e+01 2.876265e-01
2.881151e+00 4.087586e+01 2.834630e-01
2.882402e+00 4.057480e+01 2.813752e-01
2.883653e+00 4.055125e+01 2.812119e-01
2.884904e+00 4.078057e+01 2.828022e-01
2.886155e+00 4.122955e+01 2.859157e-01
2.887406e+00 4.185060e+01 2.902225e-01
2.888657e+00 4.257830e+01 2.952689e-01
2.889908e+00 4.333121e+01 3.004902e-01
2.891159e+00 4.402157e+01 3.052776e-01
2.892410e+00 4.457233e+01 3.090970e-01
2.893661e+00 4.493708e+01 3.116264e-01
2.894912e+00 4.511432e+01 3.128555e-01
2.896163e+00 4.514849e+01 3.130925e-01
2.897415e+00 4.511620e+01 3.128686e-01
2.898666e+00 4.510301e+01 3.127771e-01
2.899917e+00 4.517907e+01 3.133046e-01
2.901168e+00 4.537971e+01 3.146959e-01
2.902419e+00 4.569346e+01 3.168717e-01
2.903670e+00 4.605813e+01 3.194006e-01
2.904921e+00 4.636598e+01 3.215354e-01
2.906172e+00 4.647991e+01 3.223255e-01
2.907423e+00 4.626123e+01 3.208091e-01
2.908674e+00 4.560383e+01 3.162502e-01
2.909925e+00 4.446351e+01 3.083424e-01
2.911176e+00 4.286990e+01 2.972911e-01
2.912427e+00 4.091571e+01 2.837393e-01
2.913678e+00 3.872941e+01 2.685779e-01
2.914929e+00 3.644444e+01 2.527323e-01
2.916180e+00 3.417607e+01 2.370017e-01
2.917431e+00 3.201015e+01 2.219817e-01
2.918682e+00 3.000192e+01 2.080552e-01
2.919933e+00 2.818070e+01 1.954255e-01
2.921184e+00 2.655640e+01 1.841614e-01
2.922435e+00 2.512584e+01 1.742409e-01
2.923686e+00 2.387790e+01 1.655867e-01
2.924937e+00 2.279756e+01 1.580949e-01
2.926188e+00 2.186915e+01 1.516566e-01
2.927440e+00 2.107883e+01 1.461759e-01
2.928691e+00 2.041612e+01 1.415802e-01
2.929942e+00 1.987437e+01 1.378234e-01
2.931193e+00 1.945005e+01 1.348808e-01
2.932444e+00 1.914116e+01 1.327388e-01
2.933695e+00 1.894545e+01 1.313815e-01
2.934946e+00 1.885833e+01 1.307774e-01
2.936197e+00 1.887108e+01 1.308658e-01
2.937448e+00 1.896897e+01 1.315446e-01
2.938699e+00 1.913000e+01 1.326613e-01
2.939950e+00 1.932473e+01 1.340118e-01
2.941201e+00 1.951826e+01 1.353538e-01
2.942452e+00 1.967494e+01 1.364404e-01
2.943703e+00 1.976536e+01 1.370674e-01
2.944954e+00 1.977315e+01 1.371214e-01
2.946205e+00 1.969848e+01 1.366036e-01
2.947456e+00 1.955591e+01 1.356149e-01
2.948707e+00 1.936730e+01 1.343070e-01
2.949958e+00 1.915278e+01 1.328193e-01
2.951209e+00 1.892345e+01 1.312290e-01
2.952460e+00 1.867821e+01 1.295283e-01
2.953711e+00 1.840562e+01 1.276379e-01
2.954962e+00 1.808985e+01 1.254482e-01
2.956214e+00 1.771864e+01 1.228739e-01
2.957465e+00 1.728985e+01 1.199004e-01
2.958716e+00 1.681416e+01 1.166016e-01
2.959967e+00 1.631292e+01 1.131256e-01
2.961218e+00 1.581295e+01 1.096585e-01
2.962469e+00 1.534105e+01 1.063860e-01
2.963720e+00 1.492010e+01 1.034668e-01
2.964971e+00 1.456753e+01 1.010219e-01
2.966222e+00 1.429561e+01 9.913619e-02
2.967473e+00 1.411257e+01 9.786684e-02
2.968724e+00 1.402397e+01 9.725242e-02
2.969975e+00 1.403384e+01 9.732084e-02
2.971226e+00 1.414538e+01 9.809434e-02
2.972477e+00 1.436123e+01 9.959121e-02
2.973728e+00 1.468324e+01 1.018243e-01
2.974979e+00 1.511175e+01 1.047959e-01
2.976230e+00 1.564424e+01 1.084885e-01
2.977481e+00 1.627354e+01 1.128525e-01
2.978732e+00 1.698556e+01 1.177902e-01
2.979983e+00 1.775703e+01 1.231402e-01
2.981234e+00 1.855379e+01 1.286655e-01
2.982485e+00 1.933059e+01 1.340524e-01
2.983736e+00 2.003296e+01 1.389232e-01
2.984987e+00 2.060199e+01 1.428692e-01
2.986239e+00 2.098167e+01 1.455021e-01
2.987490e+00 2.112808e+01 1.465175e-01
2.988741e+00 2.101834e+01 1.457565e-01
2.989992e+00 2.065613e+01 1.432446e-01
2.991243e+00 2.007145e+01 1.391901e-01
2.992494e+00 1.931416e+01 1.339385e-01
2.993745e+00 1.844357e+01 1.279011e-01
2.994996e+00 1.751787e+01 1.214817e-01
2.996247e+00 1.658649e+01 1.150228e-01
2.997498e+00 1.568653e+01 1.087818e-01
2.998749e+00 1.484286e+01 1.029312e-01
3.000000e+00 1.407023e+01 9.757322e-02
